
strategic_region={
	id=10
	name="STRATEGICREGION_10"
	provinces={
		27 28 29 30 31 32 33 34 35 36 37 38 39 40 135 331 332 333 625 626 628 629 630 631 632 633 1448 1449 1450 1479 1480 1481 1532 1533 1534 1644 1645 1646 1699 1700 1744 1745 1746 1838 1839 1840 1841 1842 1969 1970 1971 1972 1973 1974 1975 1976 2531 2532 2533 2534 2696 2756 2757 2758 2759 2760 3039 3040 3041 3042 3043 3044 3045 3046 3047 3048 3049 3050 3051 3052 3053 3281 3282 3283 3284 3303 3304 3438 3439 3440 3441 3442 3529 3530 3531 3541 3542 3611 3612 3613 3614 3622 3634 3635 3721 3722 3749 3750 3806 3966 4004 4005 4006 4044 4045 4046 4047 4061 4121 4122 4136 4137 4152 4153 4154 4155 4156 4157 4176 4177 4178 4179 4257 4276 4368 4694 4747 4748 4749 4812 4813 4822 4831 4894 4968 5041 5042 5043 5076 5266 5452 5483 5490 5621 5622 5629 5700 5718 5762 5777 5802 5803 5805 5855 5861 5920 5929 5952 6002 6025 6082 6083 6092 6112 6117 
	}
	weather={
	}
}
