
strategic_region={
	id=101
	name="STRATEGICREGION_101"
	provinces={
		6242 6339 6347 6388 6423 6730 6731 6732 6733 7025 7059 7174 7301 7401 7404 7405 7498 7554 7645 7710 7749 7806 7929 7999 8066 8219 8273 8278 8309 8388 8392 8406 8499 8513 8577 8598 8624 8715 8767 8937 9043 9077 9080 9134 9138 9152 9153 9241 9446 9447 9448 9449 9495 9537 9572 9653 9702 9705 9707 9738 9772 9781 9809 9810 9822 10041 10062 10065 10114 10139 10220 10267 10339 10413 10426 10456 10457 10460 10646 10686 10717 10783 10912 11001 11122 11157 11405 11427 11486 11729 11854 11906 11951 12096 12130 12191 12208 12235 12239 12322 12355 12359 12403 12406 12427 12432 12517 12579 12580 12587 12690 12700 12718 12980 13105 13136 13142 13164 13183 13199 13273 13275 13290 13368 
	}
	naval_terrain=water_deep_ocean
	weather={
	}
}
