
strategic_region={
	id=11
	name="STRATEGICREGION_11"
	provinces={
		145 146 147 148 149 150 151 152 153 154 155 156 157 158 159 164 165 166 354 355 356 621 622 623 624 722 724 725 726 844 845 846 847 848 849 1025 1026 1027 1028 1230 1231 1232 1514 1515 1602 1791 1792 1793 1794 1795 1797 1997 1998 1999 2000 3321 3355 3356 3627 3628 4211 4212 4248 4249 4250 4251 4252 4253 4254 4255 4256 4308 4559 4626 4627 4985 5160 5186 5187 5289 5290 5291 5338 5348 5475 5524 5648 5708 5709 5773 5980 5987 6071 13659 13718 13719 13720 13721 13722 13723 
	}
	weather={
	}
}
