
strategic_region={
	id=11
	name="STRATEGICREGION_11"
	provinces={
		142 143 144 145 146 147 148 149 150 151 152 153 154 155 156 157 158 159 164 165 166 240 241 242 243 294 295 296 297 354 355 356 357 358 359 360 361 362 363 364 365 366 621 622 623 624 722 724 725 726 844 845 846 847 848 849 872 873 874 947 948 949 950 951 1025 1026 1027 1028 1029 1030 1031 1045 1046 1047 1048 1049 1050 1051 1052 1053 1054 1055 1144 1145 1146 1147 1230 1231 1232 1484 1514 1515 1592 1593 1594 1595 1596 1597 1598 1599 1600 1601 1602 1791 1792 1793 1794 1795 1796 1797 1798 1799 1800 1801 1802 1812 1813 1814 1997 1998 1999 2000 2001 2002 2003 2183 2184 2185 2186 2187 2188 2189 2195 2268 2269 2270 2271 2272 2273 2314 2428 2429 2430 2431 2432 2439 2440 2530 2553 2554 2555 2556 2557 2558 2592 2594 2595 2596 2597 2642 2643 2644 2645 2646 2693 2694 2703 2704 2705 2706 2713 2714 2803 2804 2805 2941 3002 3003 3057 3068 3069 3121 3122 3123 3124 3125 3243 3244 3320 3321 3355 3356 3357 3627 3628 3696 3697 3698 3699 3700 3701 3702 3703 3730 3731 3845 3846 3847 3848 3951 4085 4096 4112 4194 4200 4211 4212 4248 4249 4250 4251 4252 4253 4254 4255 4256 4259 4267 4308 4440 4441 4524 4559 4577 4578 4623 4624 4625 4626 4627 4628 4629 4630 4713 4714 4757 4758 4819 4826 4827 4939 4940 4985 4989 5002 5012 5023 5044 5110 5116 5125 5160 5173 5176 5186 5187 5210 5211 5256 5289 5290 5291 5316 5333 5338 5348 5370 5475 5524 5538 5551 5597 5610 5611 5648 5690 5708 5709 5729 5770 5773 5816 5831 5843 5844 5845 5911 5932 5980 5987 5990 6022 6027 6028 6047 6071 
	}
	weather={
	}
}
