
strategic_region={
	id=12
	name="STRATEGICREGION_12"
	provinces={
		132 133 138 139 140 141 194 195 196 197 198 199 200 201 202 203 204 205 206 207 208 627 981 982 983 1021 1022 1023 1024 1107 1108 1109 1110 1111 1112 1113 1114 1115 1116 1135 1136 1451 1452 1453 1608 1609 1610 1611 1740 1741 1742 1743 2017 2018 2019 2020 2021 2042 2043 2044 2045 2046 2047 2048 2224 2330 2398 2399 2400 2401 2402 2450 2451 2452 2453 2454 2455 2989 2990 2991 3032 3033 3034 3035 3036 3037 3038 3104 3106 3200 3201 3202 3203 3204 3289 3290 3333 3360 3361 3389 3412 3413 3414 3415 3416 3417 3434 3435 3436 3536 3537 3538 3621 3740 3748 3878 4015 4016 4105 4106 4107 4108 4206 4207 4208 4209 4210 4221 4277 4278 4291 4292 4293 4326 4327 4331 4455 4473 4477 4494 4495 4580 4634 4635 4736 4744 4745 4746 4774 4775 4776 4800 4824 4825 4830 4840 4842 4868 4871 4905 4906 4945 5018 5019 5020 5137 5138 5285 5286 5366 5515 5534 5535 5642 5654 5682 5688 5693 5740 5763 5788 5789 5859 5907 5908 5968 5984 5995 6079 6080 6081 6120 6127 6195 6196 
	}
	weather={
	}
}
