
strategic_region={
	id=14
	name="STRATEGICREGION_14"
	provinces={
		210 601 3600 4227 5113 5510 5525 6101 6173 6174 6175 6283 6331 6384 6597 6636 6637 6645 6676 6716 6804 6929 7030 7168 7189 7190 7191 7233 7396 7416 7467 7505 7549 7603 7604 7641 7647 7705 7712 7713 7718 7799 7915 7985 8026 8027 8028 8029 8030 8031 8115 8153 8154 8155 8156 8323 8324 8345 8397 8398 8400 8442 8444 8445 8446 8447 8448 8596 8636 8653 8706 8707 8770 8858 8878 8879 8889 8890 8891 8892 8893 8894 8895 8956 8957 9078 9164 9173 9179 9288 9380 9420 9427 9428 9429 9469 9470 9813 9821 9909 9910 9916 9939 9998 10001 10007 10038 10068 10153 10181 10246 10404 10405 10406 10422 10561 10562 10756 10798 10799 10906 10947 11039 11069 11078 11095 11153 11154 11155 11156 11271 11272 11346 11429 11430 11473 11533 11554 11557 11606 11645 11705 11715 11716 11820 11821 11989 12232 12240 12241 12273 12297 12312 12315 12340 12374 12419 12475 12500 12555 12641 12672 12673 12687 12717 12753 12823 12853 12872 12911 13082 13103 13115 13177 13188 13222 13384 13420 13435 13561 13562 13563 13564 13565 
	}
	weather={
	}
}
