
strategic_region={
	id=17
	name="STRATEGICREGION_17"
	provinces={
		64 65 66 298 299 300 301 334 335 336 337 338 339 340 395 396 645 646 647 648 649 650 651 705 706 707 708 752 753 894 895 896 897 898 899 944 945 946 989 990 1004 1005 1006 1037 1038 1039 1040 1041 1540 1541 1918 1919 1920 1921 1922 1923 1935 1936 1937 1938 1939 1940 1941 2086 2087 2088 2089 2090 2091 2092 2222 2223 2225 2226 2227 2228 2229 2230 2276 2277 2278 2279 2280 2575 2576 2577 2578 2598 2599 2600 2601 2602 2603 2604 2634 2635 2636 2637 2638 2776 2820 2821 2822 2823 2824 2825 2826 2827 2865 2866 2923 2924 2936 3006 3007 3008 3028 3029 3060 3061 3062 3063 3078 3079 3080 3081 3126 3127 3128 3245 3267 3268 3295 3296 3297 3298 3299 3300 3301 3312 3469 3470 3471 3479 3480 3481 3485 3486 3487 3503 3504 3713 3763 3764 3833 3834 3835 3836 3857 3858 3859 3860 3861 3928 3952 3953 3954 3967 3968 3969 3970 3975 3976 3977 4000 4001 4027 4028 4029 4030 4059 4060 4073 4075 4076 4077 4078 4079 4109 4110 4111 4117 4118 4119 4158 4166 4167 4168 4191 4233 4234 4235 4290 4410 4422 4423 4424 4442 4443 4444 4445 4470 4471 4534 4535 4589 4590 4591 4598 4607 4608 4664 4673 4710 4740 4741 4750 4778 4779 4801 4852 4858 4890 4902 4903 4909 4919 4966 4967 4971 4986 5003 5004 5005 5006 5007 5025 5052 5089 5090 5098 5103 5118 5150 5172 5188 5195 5196 5209 5233 5251 5261 5262 5274 5275 5276 5295 5296 5306 5319 5330 5334 5339 5357 5361 5362 5405 5406 5417 5418 5420 5421 5426 5427 5437 5438 5439 5455 5464 5467 5482 5492 5493 5494 5499 5501 5516 5600 5624 5649 5669 5696 5699 5701 5750 5760 5764 5780 5783 5784 5785 5815 5825 5828 5841 5847 5858 5865 5869 5874 5937 5955 5963 5993 6000 6012 6016 6019 6040 6048 6051 6064 6065 6074 6099 6121 6131 6214 6215 6216 6217 6417 6418 6460 6461 6462 6522 6552 6553 6738 6739 6740 6741 6742 6743 6744 6745 6746 6747 6748 6749 6750 6751 6752 6755 6849 6850 6851 6870 6871 6872 6873 6875 6876 6883 6884 6898 6899 6900 6901 6902 6903 6904 6905 6959 6960 7093 7094 7095 7096 7097 7130 7131 7132 7150 7151 7213 7214 7278 7279 7302 7342 7345 7346 7347 7382 7383 7384 7385 7386 7512 7567 7590 7591 7592 7593 7658 7659 7660 7750 7830 7831 7867 7868 7869 7870 7871 7872 7873 7874 7875 7876 7877 7878 7879 7880 7891 7892 7893 7933 7934 7941 7942 7943 7944 7945 7946 7947 7948 7949 7950 7951 8001 8002 8033 8036 8096 8097 8098 8099 8100 8101 8102 8110 8111 8124 8125 8126 8127 8128 8129 8130 8131 8132 8224 8225 8241 8269 8270 8271 8423 8424 8425 8426 8512 8641 8644 8645 8668 8669 8835 8836 8837 8838 8843 8844 8845 8902 8903 8904 8982 8983 8984 8986 8987 9063 9064 9065 9103 9104 9105 9128 9129 9146 9147 9162 9163 9174 9175 9235 9236 9237 9238 9239 9244 9245 9246 9247 9266 9267 9317 9318 9319 9320 9350 9351 9353 9354 9355 9356 9452 9453 9454 9455 9599 9600 9635 9665 9712 9713 9714 9728 9729 9730 9731 9732 9733 9834 9835 9844 9865 9866 9867 9918 9919 9960 9961 9962 9983 10019 10020 10021 10093 10236 10237 10271 10272 10292 10293 10294 10382 10383 10384 10432 10433 10434 10436 10484 10485 10493 10494 10504 10523 10524 10593 10594 10595 10596 10826 10840 10844 10849 10861 10870 11070 11075 11076 11077 11117 11118 11144 11145 11151 11152 11177 11178 11179 11183 11439 11464 11465 11501 11502 11706 11753 11795 11862 11924 11957 12011 12097 12123 12214 12257 12266 12328 12335 12386 12394 12447 12498 12629 12658 12747 12761 12762 12861 12884 12949 12962 13062 13068 13101 13130 13159 13170 13216 13229 13256 13263 13285 13405 13414 13428 
	}
	weather={
	}
}
