
strategic_region={
	id=18
	name="STRATEGICREGION_18"
	provinces={
		64 65 66 254 298 299 300 301 334 335 336 337 338 339 340 395 396 478 479 497 498 499 500 501 502 503 504 505 506 507 508 509 510 511 645 646 647 648 649 650 651 705 706 707 708 752 753 840 841 842 864 865 866 867 894 895 896 897 898 899 944 945 946 989 990 1004 1005 1006 1037 1038 1039 1040 1041 1217 1218 1540 1541 1551 1712 1713 1714 1715 1918 1919 1920 1921 1922 1923 1935 1936 1937 1938 1939 1940 1941 1994 1995 2086 2087 2088 2089 2090 2091 2092 2222 2223 2225 2226 2227 2228 2229 2230 2231 2232 2276 2277 2278 2279 2280 2575 2576 2577 2578 2598 2599 2600 2601 2602 2603 2604 2634 2635 2636 2637 2638 2733 2734 2735 2736 2776 2820 2821 2822 2823 2824 2825 2826 2827 2847 2848 2865 2866 2923 2924 2936 3006 3007 3008 3009 3010 3011 3012 3028 3029 3060 3061 3062 3063 3078 3079 3080 3081 3126 3127 3128 3245 3266 3267 3268 3295 3296 3297 3298 3299 3300 3301 3305 3306 3307 3308 3309 3310 3311 3312 3396 3397 3398 3399 3400 3401 3469 3470 3471 3475 3476 3477 3479 3480 3481 3485 3486 3487 3503 3504 3570 3571 3572 3713 3763 3764 3816 3817 3818 3819 3833 3834 3835 3836 3857 3858 3859 3860 3861 3902 3903 3904 3928 3952 3953 3954 3967 3968 3969 3970 3975 3976 3977 4000 4001 4027 4028 4029 4030 4059 4060 4062 4063 4073 4075 4076 4077 4078 4079 4109 4110 4111 4117 4118 4119 4158 4166 4167 4168 4171 4172 4173 4190 4191 4233 4234 4235 4236 4261 4262 4290 4410 4422 4423 4424 4442 4443 4444 4445 4470 4471 4480 4481 4534 4535 4589 4590 4591 4598 4607 4608 4664 4673 4710 4740 4741 4750 4778 4779 4801 4852 4858 4890 4891 4892 4893 4902 4903 4909 4919 4966 4967 4971 4986 5003 5004 5005 5006 5007 5025 5052 5085 5089 5090 5098 5103 5118 5150 5172 5188 5195 5196 5209 5233 5251 5261 5262 5267 5268 5274 5275 5276 5295 5296 5304 5306 5319 5330 5334 5339 5347 5357 5361 5362 5404 5405 5406 5417 5418 5420 5421 5426 5427 5436 5437 5438 5439 5455 5464 5466 5467 5482 5492 5493 5494 5499 5501 5516 5600 5624 5649 5669 5696 5699 5701 5706 5707 5737 5750 5760 5764 5780 5783 5784 5785 5790 5809 5814 5815 5825 5828 5841 5847 5856 5858 5865 5869 5874 5937 5955 5963 5965 5986 5993 6000 6009 6012 6016 6019 6036 6040 6048 6051 6064 6065 6074 6099 6107 6108 6113 6121 6131 
	}
	weather={
	}
}
