
strategic_region={
	id=2
	name="STRATEGICREGION_2"
	provinces={
		104 105 106 107 108 109 110 113 114 238 239 260 261 262 263 389 390 391 392 659 660 661 662 663 664 665 666 667 668 669 670 671 672 673 674 675 676 681 682 683 684 685 686 687 791 792 793 794 795 796 797 798 799 800 801 802 803 804 805 806 1119 1665 1772 1862 1863 1864 2022 2023 2024 2025 2026 2080 2081 2082 2101 2102 2103 2104 2105 2106 2107 2108 2109 2118 2119 2120 2121 2172 2173 2174 2175 2176 2177 2178 2179 2180 2181 2182 2299 2300 2301 2302 2303 2307 2308 2326 2327 2328 2329 2405 2406 2407 2408 2410 2411 2412 2413 2414 2415 2416 2417 2418 2419 2420 2421 2486 2489 2490 2491 2492 2493 2494 2495 2496 2497 2498 2499 2500 2501 2502 2503 2504 2522 2523 2524 2525 2565 2566 2567 2568 2569 2570 2676 2677 2678 2679 2680 2681 2682 2683 2684 2685 2686 2737 2738 2739 2740 2741 2742 2743 2744 2745 2746 2747 2748 2749 2750 2751 2910 2911 2912 2913 2914 2915 2916 2917 2918 2919 2931 2932 2933 3167 3168 3169 3170 3171 3172 3173 3174 3175 3474 3500 3501 3502 3508 3509 3552 3553 3554 3555 3615 3616 3617 3787 3799 3800 3801 3802 3803 3807 3808 3809 3810 3811 3937 3939 3940 3941 3942 3943 3955 3956 3961 3993 3994 3995 4080 4081 4082 4083 4084 4097 4098 4099 4100 4138 4139 4140 4141 4163 4201 4202 4332 4334 4369 4370 4413 4414 4415 4483 4500 4501 4502 4503 4504 4642 4643 4687 4728 4734 4782 4783 4796 4904 4907 4908 4915 4969 4981 4987 5045 5047 5117 5134 5140 5168 5169 5170 5197 5207 5222 5335 5336 5337 5399 5416 5428 5433 5434 5441 5473 5486 5533 5537 5543 5575 5584 5588 5620 5646 5663 5664 5667 5671 5677 5691 5749 5808 5870 5879 5888 5889 5936 5948 5951 5969 5972 6039 6052 6084 6114 6142 6144 6145 6146 6148 6151 6155 6156 6158 6163 6165 6166 6167 6170 6171 6176 6189 6197 6198 13446 13450 13451 13452 13453 13454 13461 6143 
	}
	weather={
	}
}
