
strategic_region={
	id=2
	name="STRATEGICREGION_2"
	provinces={
		549 550 659 660 661 662 663 664 665 666 667 668 669 670 671 672 673 674 675 676 681 682 683 684 685 686 687 798 799 800 801 802 803 1093 1549 1772 1862 1863 1864 1867 2101 2102 2103 2104 2105 2106 2107 2108 2109 2172 2173 2174 2175 2176 2177 2178 2180 2181 2182 2262 2326 2327 2328 2329 2405 2406 2407 2408 2410 2411 2412 2413 2414 2415 2416 2417 2418 2419 2522 2523 2524 2525 2565 2566 2567 2568 2569 2570 2682 2686 2747 2749 3173 3174 3175 3460 3552 3554 3555 3799 3800 3801 3802 3803 3938 3993 3994 3995 4334 4369 4370 4500 4501 4502 4503 4504 4734 4904 4908 4915 4987 5045 5134 5140 5170 5207 5222 5324 5399 5473 5533 5537 5543 5584 5620 5634 5671 5749 5936 6084 6155 6156 6158 6170 11154 13452 13569 13615 13616 13617 13618 13619 13620 
	}
	weather={
	}
}
