
strategic_region={
	id=20
	name="STRATEGICREGION_20"
	provinces={
		2031 2032 2033 2034 2035 2036 2148 2149 2150 2198 2199 2200 5281 5603 5866 5867 6044 6220 6222 6246 6247 6249 6261 6277 6286 6287 6294 6311 6329 6336 6352 6353 6354 6355 6363 6364 6370 6371 6372 6373 6376 6377 6378 6379 6380 6381 6386 6400 6401 6429 6440 6443 6450 6463 6464 6482 6487 6498 6534 6539 6546 6554 6574 6599 6610 6624 6626 6644 6648 6649 6651 6663 6664 6665 6666 6668 6669 6693 6695 6696 6698 6753 6769 6773 6806 6832 6839 6840 6841 6868 6910 6911 6922 6966 6970 6971 6987 6988 6999 7006 7012 7016 7017 7026 7027 7041 7050 7051 7060 7063 7065 7067 7076 7077 7092 7110 7114 7134 7140 7152 7175 7177 7178 7192 7204 7237 7254 7260 7285 7286 7292 7310 7315 7321 7336 7349 7356 7357 7359 7362 7363 7378 7379 7391 7409 7415 7419 7423 7437 7460 7468 7489 7492 7495 7506 7509 7511 7513 7523 7525 7527 7537 7569 7576 7585 7586 7587 7598 7631 7648 7649 7650 7651 7657 7667 7672 7678 7688 7691 7693 7708 7709 7725 7726 7727 7728 7730 7732 7734 7739 7742 7752 7769 7794 7817 7818 7819 7820 7827 7828 7838 7846 7850 7853 7854 7858 7864 7883 7895 7900 7905 7906 7909 7912 7936 7960 7961 7970 7971 7974 7980 7986 7992 7993 7994 7995 7996 7997 7998 8013 8032 8055 8063 8067 8070 8072 8079 8081 8082 8109 8112 8113 8117 8135 8143 8178 8182 8191 8200 8201 8202 8203 8204 8205 8212 8233 8236 8237 8238 8254 8274 8279 8290 8297 8300 8301 8302 8304 8311 8316 8318 8321 8322 8329 8358 8370 8376 8380 8396 8408 8409 8410 8419 8420 8432 8438 8449 8453 8458 8472 8475 8476 8478 8483 8493 8494 8526 8528 8532 8550 8551 8552 8553 8554 8555 8556 8569 8571 8575 8591 8606 8607 8618 8637 8655 8656 8662 8663 8664 8665 8666 8667 8676 8686 8691 8695 8696 8713 8755 8760 8764 8765 8775 8776 8786 8787 8811 8821 8823 8825 8848 8863 8864 8872 8877 8885 8888 8912 8918 8935 8936 8938 8941 8962 8964 8970 8975 9011 9012 9013 9023 9027 9033 9040 9051 9052 9053 9054 9070 9115 9118 9137 9140 9144 9157 9158 9160 9161 9166 9180 9189 9192 9197 9204 9205 9206 9213 9227 9228 9232 9248 9258 9263 9284 9298 9302 9310 9313 9322 9329 9330 9339 9346 9349 9364 9369 9373 9374 9377 9378 9397 9413 9424 9450 9460 9473 9478 9488 9497 9509 9515 9516 9519 9527 9531 9536 9541 9544 9557 9570 9579 9583 9589 9610 9629 9630 9631 9645 9670 9680 9682 9684 9690 9722 9724 9751 9752 9758 9768 9771 9776 9792 9793 9794 9802 9825 9826 9836 9837 9855 9860 9877 9878 9887 9892 9895 9906 9928 9933 9934 9942 9947 9949 9951 9956 9959 9972 10003 10008 10015 10026 10033 10034 10036 10039 10042 10044 10046 10054 10066 10077 10086 10088 10098 10108 10123 10127 10128 10129 10134 10135 10137 10140 10141 10142 10143 10144 10145 10147 10148 10152 10155 10168 10175 10192 10203 10208 10209 10221 10222 10223 10252 10255 10256 10273 10295 10301 10306 10357 10369 10370 10376 10377 10396 10398 10407 10423 10428 10430 10455 10459 10465 10466 10483 10492 10495 10497 10512 10546 10551 10557 10558 10559 10573 10574 10599 10607 10608 10611 10615 10619 10623 10626 10631 10642 10653 10661 10679 10680 10681 10682 10683 10684 10687 10690 10702 10710 10711 10712 10713 10728 10760 10777 10780 10793 10800 10802 10810 10814 10821 10841 10842 10866 10867 10869 10882 10886 10895 10897 10900 10901 10905 10911 10939 10949 10950 10952 10955 10963 10973 10982 10994 11008 11011 11013 11014 11015 11017 11018 11025 11026 11032 11048 11051 11062 11067 11073 11074 11092 11096 11104 11110 11120 11121 11134 11137 11165 11175 11199 11206 11212 11214 11215 11216 11220 11231 11238 11255 11270 11274 11275 11290 11293 11297 11303 11304 11309 11311 11316 11325 11326 11327 11336 11352 11353 11354 11357 11364 11366 11368 11381 11400 11408 11411 11412 11420 11425 11437 11444 11451 11452 11474 11499 11506 11507 11518 11524 11526 11529 11530 11531 11535 11548 11549 11552 11553 11566 11589 11609 11610 11613 11616 11617 11642 11648 11649 11655 11657 11669 11673 11677 11679 11690 11692 11697 11710 11711 11718 11720 11721 11731 11732 11756 11769 11777 11786 11787 11806 11807 11826 11832 11841 11851 11864 11866 11867 11881 11886 11890 11895 11896 11914 11917 11919 11934 11941 11950 11954 11960 11963 11967 11980 12006 12009 12051 12060 12062 12063 12070 12075 12086 12087 12088 12095 12098 12111 12112 12120 12136 12141 12143 12156 12164 12167 12178 12190 12194 12198 12200 12202 12203 12204 12210 12222 12237 12246 12252 12260 12268 12287 12296 12299 12300 12303 12305 12308 12311 12334 12336 12341 12348 12352 12366 12368 12376 12380 12383 12397 12400 12402 12405 12408 12417 12420 12424 12439 12444 12454 12459 12494 12501 12518 12524 12530 12547 12551 12561 12583 12585 12589 12597 12598 12609 12614 12620 12623 12644 12645 12646 12652 12659 12703 12712 12716 12720 12724 12734 12737 12738 12740 12742 12744 12749 12757 12765 12771 12781 12782 12784 12786 12798 12805 12809 12812 12813 12831 12832 12833 12839 12848 12850 12856 12858 12863 12865 12879 12886 12912 12914 12919 12921 12931 12933 12934 12937 12954 12957 12965 12970 12977 12978 12988 12991 13004 13006 13010 13021 13028 13030 13034 13042 13043 13044 13049 13055 13064 13069 13094 13097 13107 13114 13127 13135 13160 13163 13175 13207 13209 13214 13219 13223 13230 13241 13246 13255 13258 13259 13279 13294 13311 13313 13331 13337 13343 13357 13364 13366 13375 13376 13386 13395 13396 13397 13418 13427 13433 13434 13443 13444 13449 13829 13830 13831 13832 13833 13834 13835 13836 13837 13838 13839 13840 13841 13842 13843 13844 13845 13846 13847 13848 13849 13850 13851 13852 13853 13854 13855 13856 13857 13858 13859 
	}
	naval_terrain=water_deep_ocean
	weather={
	}
}
