
strategic_region={
	id=21
	name="STRATEGICREGION_21"
	provinces={
		6199 6225 6292 6340 6374 6514 6519 6684 6814 6843 6945 6964 7001 7230 7231 7232 7291 7330 7442 7444 7568 7757 7798 7829 7924 8008 8011 8012 8022 8173 8208 8244 8354 8450 8516 8542 8574 8635 8680 8704 8768 8795 8856 8939 8985 9067 9091 9094 9100 9124 9272 9381 9406 9506 9549 9638 9664 9699 9735 9775 9791 9798 9803 9804 9805 10006 10094 10110 10164 10213 10224 10264 10344 10446 10526 10563 10613 10666 10694 10732 11068 11101 11141 11147 11207 11223 11315 11347 11363 11418 11478 11514 11634 11744 11800 11843 11938 11955 11962 12037 12122 12138 12148 12170 12211 12282 12292 12333 12371 12396 12455 12533 12667 12702 12860 13019 13026 13047 13067 13104 13193 13284 13301 13432 13442 
	}
	weather={
	}
}
