
strategic_region={
	id=25
	name="STRATEGICREGION_25"
	provinces={
		6201 6240 6263 6284 6293 6310 6321 6356 6387 6391 6392 6393 6394 6395 6396 6397 6419 6425 6426 6427 6433 6447 6453 6480 6491 6492 6504 6511 6516 6517 6518 6537 6544 6550 6567 6568 6569 6582 6596 6606 6607 6608 6618 6620 6621 6627 6628 6629 6640 6704 6706 6707 6723 6725 6754 6762 6766 6774 6783 6784 6787 6805 6813 6817 6834 6852 6853 6857 6869 6888 6907 6924 6926 6934 6947 6948 6951 6952 6953 6969 6992 6993 7022 7033 7035 7036 7038 7039 7040 7046 7055 7068 7071 7072 7099 7102 7109 7115 7122 7124 7145 7155 7156 7172 7187 7253 7258 7275 7281 7306 7309 7319 7322 7324 7326 7328 7339 7340 7341 7408 7417 7424 7428 7429 7430 7431 7451 7453 7459 7463 7481 7499 7515 7518 7528 7529 7530 7540 7557 7560 7570 7595 7596 7606 7609 7610 7624 7625 7626 7629 7633 7634 7642 7652 7661 7670 7673 7674 7714 7717 7722 7723 7731 7733 7755 7759 7765 7779 7781 7787 7793 7796 7801 7803 7807 7821 7832 7840 7845 7847 7848 7886 7908 7910 7919 7952 7954 7981 8010 8044 8047 8054 8060 8075 8076 8077 8106 8119 8137 8138 8157 8159 8170 8172 8192 8194 8197 8198 8222 8223 8230 8231 8232 8246 8261 8298 8338 8349 8353 8371 8372 8375 8407 8465 8466 8467 8470 8473 8480 8492 8505 8506 8507 8508 8509 8510 8511 8538 8558 8560 8562 8564 8597 8616 8622 8642 8650 8659 8673 8679 8682 8703 8714 8731 8781 8790 8794 8798 8805 8808 8809 8810 8812 8813 8814 8816 8826 8827 8833 8834 8883 8887 8898 8915 8919 8922 8930 8942 8948 8950 8951 8952 8953 8954 8955 8961 8973 8993 8996 8998 9007 9008 9016 9018 9021 9022 9034 9036 9044 9059 9062 9081 9098 9099 9106 9107 9108 9109 9110 9123 9126 9130 9132 9135 9143 9165 9176 9178 9185 9186 9200 9201 9202 9222 9224 9251 9256 9269 9271 9303 9304 9306 9312 9315 9325 9335 9343 9344 9365 9371 9379 9384 9387 9392 9393 9399 9432 9440 9441 9442 9443 9444 9451 9458 9461 9472 9476 9479 9482 9483 9503 9508 9528 9535 9556 9566 9591 9594 9627 9642 9643 9647 9652 9667 9693 9696 9715 9717 9723 9748 9749 9761 9795 9811 9819 9830 9831 9857 9858 9859 9862 9863 9864 9869 9898 9900 9903 9912 9917 9931 9932 9936 9977 9978 9980 9985 9987 9989 9994 10010 10031 10049 10058 10087 10092 10096 10119 10154 10159 10160 10166 10173 10174 10194 10204 10232 10235 10242 10254 10268 10276 10284 10285 10286 10299 10308 10321 10331 10367 10374 10399 10415 10431 10469 10470 10471 10472 10476 10500 10503 10506 10513 10516 10519 10520 10537 10538 10539 10543 10554 10567 10579 10580 10597 10609 10624 10625 10628 10637 10638 10648 10649 10725 10731 10734 10743 10778 10779 10809 10823 10832 10835 10843 10846 10847 10848 10874 10875 10876 10880 10881 10884 10891 10899 10913 10920 10923 10925 10927 10933 10935 10941 10953 10957 10958 10974 10981 10984 10990 10991 10992 11033 11035 11037 11046 11050 11060 11109 11132 11136 11138 11161 11162 11169 11170 11186 11187 11193 11224 11225 11227 11232 11242 11244 11248 11252 11281 11285 11300 11308 11319 11323 11324 11341 11386 11388 11394 11398 11450 11471 11484 11488 11491 11495 11509 11551 11577 11578 11584 11593 11594 11595 11598 11600 11601 11615 11619 11633 11636 11664 11667 11684 11696 11700 11701 11722 11730 11747 11771 11792 11796 11797 11803 11838 11846 11884 11887 11892 11907 11915 11920 11931 11944 11949 11959 11969 11975 11976 11997 12003 12021 12026 12027 12039 12071 12072 12078 12080 12081 12082 12101 12127 12140 12146 12149 12155 12157 12158 12162 12189 12195 12196 12199 12213 12219 12228 12250 12253 12258 12263 12264 12283 12298 12317 12330 12331 12344 12345 12347 12365 12375 12404 12431 12435 12440 12452 12453 12489 12499 12531 12532 12562 12569 12570 12573 12582 12602 12611 12615 12621 12666 12670 12674 12675 12682 12685 12686 12694 12725 12731 12733 12736 12739 12756 12763 12790 12802 12820 12822 12824 12827 12829 12854 12867 12868 12869 12870 12871 12875 12892 12903 12908 12925 12927 12928 12932 12936 12952 12960 12961 12967 12993 12994 13007 13018 13020 13025 13035 13036 13037 13050 13053 13066 13071 13076 13088 13091 13093 13095 13096 13100 13117 13129 13131 13132 13147 13173 13178 13234 13242 13247 13254 13262 13264 13280 13298 13306 13312 13317 13322 13330 13347 13359 13362 13367 13377 13381 13394 13406 13412 13416 13430 13431 
	}
	weather={
	}
}
