
strategic_region={
	id=26
	name="STRATEGICREGION_26"
	provinces={
		6213 6276 6295 6299 6309 6330 6332 6338 6342 6345 6346 6442 6530 6548 6555 6556 6557 6591 6600 6609 6611 6614 6655 6656 6657 6672 6677 6683 6689 6703 6711 6712 6721 6724 6726 6736 6758 6807 6809 6826 6829 6830 6837 6842 6858 6874 6877 6882 6906 6917 6919 6943 6962 6963 6965 6968 6976 7021 7028 7032 7037 7058 7066 7087 7107 7111 7135 7162 7169 7185 7210 7212 7228 7229 7236 7241 7256 7257 7262 7265 7284 7299 7332 7350 7367 7390 7410 7411 7426 7435 7440 7471 7497 7504 7526 7571 7600 7611 7632 7666 7671 7675 7676 7683 7685 7694 7707 7721 7724 7768 7776 7780 7782 7786 7788 7789 7792 7800 7834 7842 7851 7855 7881 7899 7901 7903 7913 7916 7921 7922 7928 7935 7968 7975 7988 7989 8000 8015 8016 8017 8056 8057 8058 8064 8065 8069 8071 8084 8103 8120 8147 8179 8183 8188 8209 8218 8229 8245 8258 8263 8265 8266 8275 8277 8288 8328 8336 8344 8350 8373 8374 8386 8387 8389 8456 8457 8514 8520 8522 8533 8534 8535 8536 8537 8546 8587 8639 8674 8677 8683 8688 8732 8734 8743 8745 8759 8762 8772 8799 8832 8847 8851 8852 8859 8861 8869 8886 8905 8924 8925 8926 8959 8974 8980 8994 9001 9024 9026 9030 9041 9079 9089 9121 9125 9136 9142 9148 9151 9159 9171 9172 9208 9219 9225 9255 9260 9265 9270 9285 9289 9290 9291 9323 9333 9342 9357 9362 9372 9385 9389 9416 9437 9463 9466 9471 9501 9504 9522 9529 9539 9543 9548 9561 9565 9596 9597 9620 9624 9626 9636 9641 9648 9671 9673 9674 9686 9708 9719 9720 9734 9753 9754 9757 9759 9763 9774 9785 9806 9850 9851 9853 9872 9896 9902 9915 9920 9926 9953 9970 9979 9984 9993 9997 10032 10037 10048 10052 10071 10109 10111 10113 10133 10183 10186 10218 10227 10229 10231 10274 10283 10309 10310 10317 10322 10326 10333 10338 10356 10359 10360 10381 10403 10412 10416 10421 10424 10438 10447 10464 10474 10491 10499 10502 10505 10525 10531 10534 10549 10550 10570 10576 10591 10600 10602 10603 10614 10620 10632 10643 10644 10645 10655 10659 10676 10700 10709 10736 10764 10769 10790 10791 10792 10816 10831 10854 10859 10910 10915 10919 10943 10969 10971 10975 11003 11007 11036 11047 11052 11055 11056 11059 11063 11066 11083 11085 11107 11131 11139 11142 11146 11158 11166 11167 11192 11235 11239 11240 11262 11266 11286 11288 11329 11330 11331 11351 11369 11371 11375 11379 11421 11434 11440 11441 11442 11443 11456 11467 11479 11483 11485 11505 11512 11513 11536 11580 11581 11582 11590 11611 11620 11621 11638 11646 11652 11658 11661 11666 11685 11693 11694 11698 11717 11723 11727 11749 11750 11757 11758 11781 11783 11784 11789 11793 11811 11812 11813 11814 11830 11833 11834 11835 11836 11847 11869 11873 11877 11883 11885 11894 11904 11905 11916 11923 11925 11952 11953 11970 11981 11984 11986 11987 11988 12005 12013 12029 12036 12041 12042 12044 12046 12048 12061 12066 12089 12109 12110 12113 12118 12131 12171 12173 12176 12201 12205 12215 12216 12230 12236 12254 12267 12269 12271 12274 12289 12294 12301 12329 12332 12337 12338 12351 12362 12363 12369 12372 12388 12391 12395 12399 12425 12436 12441 12445 12456 12458 12470 12492 12493 12495 12496 12525 12526 12527 12537 12553 12554 12575 12584 12586 12590 12591 12606 12607 12608 12612 12613 12624 12631 12648 12668 12689 12696 12713 12735 12741 12777 12778 12783 12788 12793 12796 12803 12806 12825 12830 12835 12837 12843 12845 12891 12907 12910 12913 12922 12935 12953 12976 13001 13012 13024 13031 13032 13039 13051 13075 13079 13092 13099 13109 13128 13134 13150 13157 13179 13182 13195 13203 13210 13213 13225 13232 13236 13260 13261 13268 13270 13297 13303 13304 13316 13318 13320 13328 13334 13339 13348 13365 13369 13373 13374 13380 13392 13399 13408 13415 13421 13425 13437 13438 
	}
	weather={
	}
}
