
strategic_region={
	id=27
	name="STRATEGICREGION_27"
	provinces={
		6200 6202 6221 6224 6244 6248 6265 6281 6301 6302 6308 6314 6315 6316 6317 6322 6323 6351 6357 6361 6369 6385 6421 6422 6441 6449 6458 6472 6474 6490 6505 6508 6513 6525 6603 6612 6615 6617 6623 6630 6635 6639 6641 6661 6679 6705 6710 6714 6715 6718 6720 6771 6778 6779 6803 6823 6836 6863 6866 6885 6908 6925 6938 6958 6985 7007 7008 7031 7043 7053 7057 7069 7073 7074 7082 7090 7100 7101 7103 7116 7117 7133 7139 7146 7153 7165 7170 7173 7195 7216 7239 7272 7288 7295 7316 7317 7327 7335 7360 7368 7412 7439 7466 7483 7484 7485 7488 7496 7503 7507 7510 7522 7531 7534 7539 7561 7563 7588 7594 7607 7612 7615 7617 7618 7620 7640 7643 7646 7668 7677 7687 7689 7692 7706 7736 7737 7738 7744 7745 7746 7754 7766 7767 7770 7777 7810 7812 7813 7822 7823 7825 7849 7857 7861 7863 7866 7882 7890 7898 7911 7923 7939 7987 8005 8006 8007 8034 8039 8052 8053 8059 8061 8062 8105 8107 8108 8114 8118 8136 8141 8160 8163 8171 8180 8187 8216 8227 8235 8240 8242 8249 8250 8251 8280 8281 8291 8292 8319 8325 8339 8377 8382 8383 8391 8412 8431 8451 8459 8496 8504 8518 8531 8549 8566 8576 8586 8589 8590 8593 8609 8610 8611 8632 8638 8649 8678 8690 8702 8705 8708 8709 8711 8729 8739 8746 8763 8777 8780 8788 8789 8824 8839 8849 8854 8874 8881 8882 8916 8928 8933 8940 8947 8958 8963 9009 9010 9015 9031 9042 9046 9058 9072 9093 9101 9112 9114 9119 9133 9139 9154 9181 9182 9207 9211 9220 9223 9229 9230 9262 9286 9287 9294 9297 9299 9301 9332 9336 9340 9418 9426 9430 9433 9434 9436 9445 9456 9477 9481 9489 9512 9514 9553 9554 9558 9568 9574 9584 9592 9603 9604 9606 9608 9611 9621 9628 9644 9646 9655 9666 9672 9676 9679 9695 9697 9701 9711 9718 9737 9769 9773 9796 9797 9800 9807 9846 9847 9854 9871 9874 9876 9882 9885 9886 9891 9904 9908 9911 9922 9924 9925 9930 9935 9938 9946 9948 9954 9958 9974 9988 9999 10000 10013 10016 10027 10028 10030 10040 10043 10051 10059 10063 10070 10090 10091 10107 10117 10122 10124 10136 10149 10157 10170 10176 10179 10205 10210 10226 10230 10238 10244 10269 10270 10302 10349 10351 10352 10375 10386 10390 10414 10429 10439 10443 10444 10445 10452 10454 10461 10463 10473 10496 10509 10510 10515 10518 10541 10548 10555 10583 10630 10636 10639 10654 10664 10665 10675 10678 10688 10689 10696 10698 10705 10707 10716 10718 10721 10722 10726 10738 10759 10763 10766 10775 10776 10781 10812 10819 10825 10830 10838 10845 10851 10860 10878 10883 10887 10908 10918 10944 10976 10986 10998 11002 11006 11023 11024 11028 11038 11058 11086 11094 11119 11135 11148 11163 11180 11181 11184 11194 11198 11243 11254 11259 11260 11264 11276 11279 11284 11289 11298 11301 11338 11350 11358 11367 11372 11374 11385 11391 11396 11397 11401 11414 11423 11424 11438 11449 11463 11481 11487 11496 11497 11511 11527 11539 11540 11541 11559 11564 11587 11596 11618 11624 11631 11650 11663 11670 11671 11676 11686 11704 11707 11714 11740 11742 11743 11748 11762 11775 11782 11798 11801 11818 11823 11824 11825 11828 11844 11850 11852 11855 11856 11865 11868 11871 11878 11910 11918 11928 11930 11932 11939 11946 11956 11958 11968 11971 11977 11979 11982 11983 11993 11995 12010 12020 12031 12043 12065 12076 12083 12092 12093 12094 12115 12126 12128 12132 12133 12177 12209 12212 12220 12223 12256 12261 12280 12290 12291 12307 12316 12327 12356 12367 12377 12390 12398 12409 12423 12433 12443 12448 12451 12462 12464 12474 12480 12481 12485 12506 12510 12513 12515 12528 12540 12543 12544 12545 12549 12557 12560 12576 12578 12617 12625 12636 12655 12660 12661 12665 12669 12693 12695 12701 12708 12721 12755 12770 12799 12808 12814 12818 12821 12849 12851 12855 12876 12877 12881 12887 12890 12895 12897 12916 12917 12918 12923 12941 12946 12948 12964 12974 12979 12983 12985 12990 12997 13003 13015 13016 13017 13052 13057 13060 13061 13078 13080 13116 13139 13174 13176 13180 13181 13189 13201 13224 13227 13233 13251 13253 13267 13269 13305 13326 13327 13332 13338 13341 13349 13353 13390 13393 13407 13417 13440 
	}
	naval_terrain=water_deep_ocean
	weather={
	}
}
