
strategic_region={
	id=28
	name="STRATEGICREGION_28"
	provinces={
		134 167 168 169 170 171 255 256 257 258 259 264 265 266 267 268 269 270 274 275 276 454 455 456 493 494 495 496 634 635 732 733 734 761 762 763 764 900 901 902 903 904 905 906 907 908 909 910 911 912 913 914 915 916 917 918 919 920 921 922 923 924 925 926 927 928 929 930 931 991 992 993 994 995 996 997 998 1137 1138 1139 1140 1155 1156 1157 1158 1159 1160 1161 1162 1163 1164 1165 1166 1167 1168 1169 1170 1172 1173 1174 1175 1176 1177 1200 1201 1202 1203 1204 1214 1215 1216 1219 1220 1221 1222 1223 1224 1225 1226 1227 1228 1229 1264 1265 1266 1267 1289 1290 1291 1292 1293 1294 1295 1296 1297 1332 1333 1334 1335 1336 1337 1348 1349 1350 1351 1352 1353 1354 1355 1457 1458 1459 1460 1461 1462 1463 1464 1465 1466 1467 1468 1495 1496 1497 1498 1499 1500 1501 1579 1580 1581 1582 1583 1584 1585 1586 1587 1588 1589 1590 1591 1603 1604 1605 1606 1607 1633 1634 1635 1636 1637 1638 1639 1640 1641 1642 1643 1682 1683 1684 1685 1686 1687 1694 1695 1696 1697 1698 1701 1702 1703 1706 1707 1708 1709 1710 1711 1716 1717 1718 1719 1720 1721 1722 1723 1724 1752 1753 1754 1755 1756 1757 1758 1759 1760 1784 1785 1786 1787 1845 1846 1847 1848 1849 1850 1851 1852 1853 1854 1855 1856 1857 1858 1924 1925 1926 1927 1928 1929 1930 1931 1932 1933 1934 1945 1946 1949 1980 2066 2067 2068 2069 2070 2071 2203 2204 2205 2206 2214 2215 2216 2217 2218 2219 2220 2221 2257 2258 2259 2260 2281 2282 2283 2287 2288 2289 2290 2291 2295 2296 2297 2298 2309 2310 2311 2312 2313 2337 2338 2339 2340 2341 2351 2354 2355 2356 2373 2374 2375 2376 2377 2378 2379 2380 2389 2427 2441 2442 2443 2444 2445 2446 2465 2466 2543 2544 2545 2585 2586 2605 2620 2621 2622 2623 2624 2650 2651 2652 2653 2654 2655 2687 2688 2689 2690 2691 2692 2707 2708 2709 2710 2711 2712 2781 2782 2783 2784 2785 2786 2787 2788 2806 2807 2808 2809 2810 2811 2812 2813 2814 2828 2829 2934 2935 2980 2981 2982 2983 3058 3064 3073 3074 3075 3076 3077 3086 3087 3102 3103 3161 3162 3163 3185 3186 3187 3215 3216 3217 3218 3219 3220 3221 3222 3223 3224 3225 3230 3241 3242 3252 3253 3254 3255 3276 3277 3278 3279 3280 3285 3286 3287 3288 3313 3314 3315 3316 3317 3318 3319 3322 3323 3324 3325 3326 3327 3328 3329 3330 3347 3348 3349 3350 3358 3359 3392 3430 3431 3432 3461 3462 3463 3464 3478 3520 3521 3522 3523 3524 3525 3548 3556 3558 3559 3560 3561 3562 3563 3564 3584 3585 3586 3606 3636 3637 3643 3644 3653 3654 3682 3683 3688 3690 3691 3692 3693 3694 3695 3707 3714 3715 3716 3725 3726 3727 3728 3729 3751 3752 3753 3754 3755 3756 3812 3838 3885 3886 3887 3888 3891 3893 3944 3945 3946 3947 3959 3960 3987 3988 3989 4012 4013 4014 4054 4074 4159 4160 4161 4162 4205 4223 4229 4230 4240 4241 4264 4274 4275 4285 4286 4287 4288 4289 4307 4309 4310 4311 4312 4313 4314 4322 4323 4324 4325 4328 4329 4330 4335 4337 4338 4339 4340 4341 4342 4351 4352 4353 4354 4355 4396 4397 4398 4399 4425 4426 4427 4452 4453 4454 4456 4457 4458 4474 4478 4506 4507 4536 4537 4538 4539 4540 4541 4543 4544 4545 4570 4571 4606 4656 4665 4666 4667 4668 4678 4679 4684 4692 4693 4702 4703 4704 4706 4707 4723 4724 4732 4733 4759 4809 4810 4811 4818 4838 4839 4841 4848 4862 4863 4867 4873 4875 4882 4883 4899 4900 4901 4924 4952 4953 4972 4979 4990 4991 4992 5011 5016 5032 5034 5054 5061 5062 5064 5065 5068 5079 5080 5099 5108 5112 5129 5130 5132 5152 5154 5156 5157 5158 5171 5189 5203 5205 5212 5214 5215 5216 5227 5228 5231 5232 5245 5248 5249 5250 5258 5269 5287 5288 5294 5298 5299 5307 5308 5309 5310 5311 5323 5328 5331 5345 5346 5358 5388 5402 5447 5448 5453 5454 5456 5457 5461 5470 5480 5487 5488 5498 5530 5541 5546 5547 5572 5576 5580 5596 5616 5619 5623 5638 5647 5652 5655 5674 5685 5692 5715 5725 5726 5727 5728 5732 5733 5746 5747 5753 5761 5772 5801 5811 5812 5822 5834 5852 5862 5864 5871 5887 5901 5902 5904 5910 5925 5927 5946 5947 5956 5964 5970 5983 5991 6013 6020 6042 6054 6058 6059 6060 6062 6075 6076 6086 6126 6184 13456 
	}
	weather={
	}
}
