
strategic_region={
	id=29
	name="STRATEGICREGION_29"
	provinces={
		10 11 12 13 14 15 16 17 18 19 20 21 22 24 25 26 82 83 84 85 86 87 88 99 100 101 102 103 117 118 119 120 160 180 181 182 183 184 185 186 187 188 229 230 231 232 233 234 235 236 237 251 252 253 302 303 304 305 306 307 308 309 310 311 312 313 314 315 316 317 318 319 320 321 347 348 349 350 351 352 353 378 379 410 411 412 413 414 415 425 426 427 428 429 430 431 432 433 434 435 436 437 438 439 440 441 442 443 444 445 446 447 448 449 450 451 486 487 488 489 490 556 557 558 560 561 578 579 580 581 582 583 584 585 586 587 588 589 590 591 592 593 594 595 596 597 598 599 600 618 619 620 636 637 638 639 640 641 642 643 779 780 789 790 809 810 811 812 813 814 825 826 827 828 829 830 831 832 833 834 835 836 837 838 839 875 876 877 878 879 880 881 882 883 884 932 933 935 936 937 938 955 956 957 958 959 960 961 984 985 986 987 988 1042 1043 1044 1079 1080 1081 1082 1150 1151 1152 1153 1154 1241 1247 1248 1249 1250 1251 1252 1253 1254 1255 1256 1257 1258 1259 1260 1261 1262 1263 1369 1370 1371 1372 1373 1374 1375 1376 1377 1386 1404 1405 1406 1407 1408 1409 1410 1411 1412 1413 1414 1415 1454 1455 1456 1469 1470 1471 1472 1473 1502 1503 1504 1505 1525 1526 1527 1528 1529 1530 1531 1535 1536 1537 1538 1539 1570 1571 1572 1704 1705 1767 1768 1769 1779 1780 1781 1782 1783 1815 1816 1817 1818 1819 1820 1821 1822 1823 1824 1825 1826 1827 1828 1829 1830 1831 1832 1833 1899 1900 1901 1902 1903 1904 1905 1906 1907 1908 1909 1910 1911 1912 1913 1914 1915 1916 1959 1960 1961 1962 1963 1964 1965 1966 1967 1968 2056 2076 2077 2078 2079 2083 2084 2085 2110 2111 2112 2113 2114 2115 2122 2123 2124 2142 2143 2144 2145 2146 2238 2239 2240 2241 2292 2293 2294 2331 2335 2336 2381 2447 2448 2449 2460 2469 2470 2471 2472 2473 2474 2506 2507 2508 2509 2510 2511 2512 2513 2514 2515 2516 2536 2537 2538 2539 2540 2541 2542 2559 2560 2561 2562 2563 2564 2583 2584 2606 2607 2608 2609 2610 2611 2612 2613 2633 2660 2661 2695 2715 2716 2717 2718 2724 2725 2726 2755 2765 2766 2767 2768 2769 2770 2771 2772 2773 2774 2775 2852 2853 2854 2855 2858 2859 2860 2861 2862 2863 2864 2869 2870 2871 2872 2873 2874 2875 2876 2877 2888 2889 2890 2891 2892 2893 2894 2895 2896 2897 2920 2921 2922 2937 2938 2942 2943 2944 2993 3030 3031 3088 3089 3090 3091 3092 3093 3113 3114 3115 3116 3117 3120 3137 3138 3139 3140 3141 3142 3146 3147 3148 3149 3150 3151 3152 3153 3154 3155 3156 3157 3158 3159 3160 3176 3177 3188 3189 3190 3191 3192 3226 3227 3228 3229 3256 3257 3258 3259 3260 3261 3262 3269 3274 3275 3331 3332 3334 3335 3336 3337 3338 3339 3340 3341 3342 3343 3344 3345 3346 3365 3366 3367 3368 3411 3422 3423 3424 3425 3426 3427 3428 3443 3444 3445 3446 3447 3448 3449 3450 3451 3465 3466 3488 3489 3491 3492 3493 3510 3511 3526 3527 3528 3543 3544 3545 3575 3593 3594 3599 3601 3602 3603 3604 3605 3607 3608 3609 3610 3618 3619 3620 3630 3638 3639 3645 3646 3647 3648 3649 3650 3651 3657 3658 3659 3660 3661 3662 3663 3664 3665 3666 3667 3668 3669 3670 3671 3672 3673 3674 3675 3676 3684 3685 3686 3687 3723 3724 3735 3736 3741 3742 3743 3765 3766 3767 3768 3769 3770 3776 3777 3778 3788 3789 3804 3805 3813 3820 3821 3830 3831 3832 3837 3839 3840 3841 3868 3869 3870 3871 3872 3873 3880 3881 3889 3894 3895 3896 3897 3898 3899 3900 3901 3907 3908 3909 4026 4042 4043 4050 4051 4052 4053 4067 4068 4069 4070 4071 4090 4091 4092 4093 4094 4095 4130 4131 4134 4145 4146 4147 4169 4174 4175 4181 4182 4183 4184 4185 4203 4224 4225 4231 4232 4301 4349 4350 4356 4363 4364 4367 4390 4418 4419 4420 4421 4447 4448 4449 4450 4451 4459 4460 4461 4462 4463 4464 4484 4485 4487 4511 4542 4554 4556 4560 4561 4562 4572 4576 4579 4615 4616 4617 4618 4619 4620 4621 4622 4636 4637 4641 4654 4655 4675 4676 4677 4682 4683 4688 4690 4691 4695 4696 4699 4700 4701 4708 4709 4717 4719 4720 4721 4725 4726 4730 4731 4738 4739 4743 4751 4752 4753 4754 4770 4771 4772 4773 4787 4788 4789 4790 4791 4792 4793 4794 4802 4820 4821 4823 4835 4836 4837 4845 4846 4847 4853 4854 4855 4870 4896 4912 4913 4914 4925 4926 4927 4936 4937 4938 4941 4942 4943 4944 4958 4959 4960 4961 4962 4965 4973 4974 4975 4976 4977 4980 4996 5001 5008 5010 5021 5024 5031 5040 5060 5063 5075 5083 5088 5093 5094 5095 5120 5121 5122 5126 5127 5128 5131 5133 5135 5136 5143 5144 5145 5146 5148 5149 5163 5174 5175 5177 5185 5192 5193 5194 5200 5201 5204 5224 5225 5226 5252 5253 5254 5255 5257 5279 5280 5283 5302 5303 5312 5313 5314 5315 5327 5329 5342 5351 5364 5365 5369 5379 5380 5383 5387 5389 5392 5400 5401 5409 5411 5412 5413 5414 5422 5423 5424 5425 5449 5450 5463 5465 5468 5469 5471 5472 5477 5478 5484 5511 5518 5519 5520 5521 5523 5526 5527 5545 5555 5564 5565 5566 5570 5571 5573 5577 5578 5579 5582 5593 5598 5599 5601 5604 5605 5606 5608 5617 5633 5635 5636 5639 5650 5656 5657 5678 5679 5680 5681 5686 5694 5695 5712 5713 5716 5717 5719 5738 5739 5745 5748 5754 5759 5765 5766 5771 5778 5779 5786 5797 5798 5799 5804 5819 5830 5832 5836 5842 5846 5848 5849 5853 5857 5878 5881 5885 5886 5890 5891 5893 5897 5898 5899 5912 5914 5918 5923 5928 5933 5940 5942 5949 5966 5971 5978 5981 5996 5997 5999 6001 6008 6017 6023 6030 6033 6035 6038 6041 6043 6045 6046 6049 6055 6066 6070 6090 6100 6102 6105 6115 6116 6119 6130 6132 6136 6137 6138 6157 6159 6160 13445 13449 13455 
	}
	weather={
	}
}
