
strategic_region={
	id=3
	name="STRATEGICREGION_3"
	provinces={
		6 7 8 9 611 612 613 614 615 616 617 765 775 776 777 778 868 869 870 871 886 887 888 889 890 891 892 893 1032 1033 1034 1035 1036 1120 1121 1338 1339 1340 1341 1342 1343 1344 1345 1346 1347 1382 1383 1384 1385 1542 1543 1544 1566 1567 1568 1569 1987 1988 1989 1990 1991 1992 1993 2052 2053 2054 2055 2095 2096 2665 2666 2719 2720 2976 2977 2978 2979 2996 2997 2998 2999 3000 3054 3055 3056 3213 3590 3591 3592 3757 3758 3759 3760 3842 3843 3844 3990 3991 3992 4186 4187 4188 4189 4215 4362 4446 4498 4499 4569 4573 4574 4592 4601 4602 4603 4613 4614 4860 4895 4928 4999 5000 5073 5074 5139 5141 5147 5164 5219 5229 5230 5292 5293 5301 5367 5410 5431 5491 5528 5594 5675 5689 5757 5758 5781 5829 5943 5998 6014 6072 6094 6096 6109 6135 13447 
	}
	weather={
	}
}
