
strategic_region={
	id=31
	name="STRATEGICREGION_31"
	provinces={
		559 978 979 980 1067 1068 1069 1070 1071 1072 1073 1074 1075 1076 1077 1078 1389 1390 1391 1392 1393 1394 1395 1396 1397 1398 1399 1400 1401 1402 1403 1555 1556 1557 1558 1559 1560 1561 1562 1563 1564 1565 2037 2038 2039 2040 2162 2163 2164 2165 2166 2167 2168 2169 2170 2171 2426 2857 2926 2927 2928 2939 2940 2992 3433 3437 3505 3506 3507 3587 3588 3589 3595 3596 3597 3598 3762 3934 3965 4192 4297 4298 4299 4302 4303 4304 4305 4306 4378 4379 4380 4393 4395 4429 4430 4431 4432 4531 4697 4742 4785 4786 4798 4799 4814 4849 4850 4851 4861 4930 4931 4932 4949 4950 4951 4993 5048 5109 5119 5153 5162 5277 5278 5395 5403 5459 5460 5548 5549 5561 5562 5563 5569 5595 5626 5641 5645 5810 5823 5824 5827 5959 6010 6011 6050 6067 6118 6149 6150 6152 6153 6154 6161 6162 6164 6168 6169 6178 13621 13622 13623 13624 13627 13628 13629 13630 13631 13632 13633 13634 13635 13636 13637 13638 13639 13640 13641 13642 13643 13644 13645 13646 
	}
	weather={
	}
}
