
strategic_region={
	id=34
	name="STRATEGICREGION_34"
	provinces={
		6289 6290 6291 6448 6476 6775 6816 6833 6909 6923 6950 6954 7044 7086 7149 7205 7269 7418 7532 7565 7572 7577 7653 7763 7902 7940 7990 8009 8320 8421 8515 8578 8579 8741 8868 8875 9069 9259 9277 9395 9490 9517 9546 9660 9661 9662 9663 9907 9955 10180 10324 10427 10622 10627 10735 10767 10902 10932 11053 11127 11328 11356 11390 11428 11516 11628 11662 11687 11760 11815 12018 12119 12270 12286 12373 12418 12502 12539 12810 12817 12842 13008 13023 13102 13111 13252 13333 13370 
	}
	naval_terrain=water_deep_ocean
	weather={
	}
}
