
strategic_region={
	id=39
	name="STRATEGICREGION_39"
	provinces={
		381 382 383 384 850 851 855 939 940 941 942 943 966 967 968 969 970 971 972 973 974 975 976 977 1149 1275 1276 1277 1278 1279 1280 1281 1300 1301 1302 1426 1427 1428 1477 1478 1725 1726 1727 1728 1729 1730 1731 1778 2127 2131 2132 2133 2134 2135 2136 2137 2158 2159 2160 2361 2362 2363 2364 2365 2422 2423 2424 2425 3013 3105 3107 3108 3109 3110 3111 3112 3129 3130 3131 3132 3133 3134 3135 3136 3391 3550 3551 3855 3916 3918 3919 3920 3921 3922 3923 3924 3925 3926 3927 4055 4056 4263 4505 4674 4760 4777 4876 5049 5050 5078 5326 5332 5359 5429 5430 5451 5504 5529 5539 5540 5567 5795 5833 5835 5953 5989 6018 6031 6088 
	}
	weather={
	}
}
