
strategic_region={
	id=4
	name="STRATEGICREGION_4"
	provinces={
		522 523 524 525 526 527 528 652 653 654 727 728 729 730 731 807 808 1209 1210 1211 1212 1213 2138 2139 2140 2284 2285 2286 2382 2383 2384 2385 2386 2387 2388 2462 2463 2464 2475 2800 2801 2802 3193 3194 3195 3196 3197 3198 3199 3402 3403 3494 3495 3496 3497 3498 3539 3540 3546 3547 3984 3985 3986 4343 4404 4405 4406 4407 4408 4409 4689 4865 4866 4947 4978 5151 5259 5260 5320 5321 5349 5350 5356 5505 5506 5507 5581 5628 5653 5722 5767 5774 5775 5872 5873 5896 5950 6004 6029 13538 13539 13540 
	}
	weather={
	}
}
