
strategic_region={
	id=4
	name="STRATEGICREGION_4"
	provinces={
		224 225 226 227 228 367 368 369 370 371 372 373 374 375 376 377 522 523 524 525 526 527 528 552 553 554 555 652 653 654 727 728 729 730 731 807 808 815 816 817 1208 1209 1210 1211 1212 1213 1629 1630 1631 1632 1843 1844 1942 2138 2139 2140 2284 2285 2286 2382 2383 2384 2385 2386 2387 2388 2462 2463 2464 2475 2671 2672 2673 2674 2675 2800 2801 2802 2945 3193 3194 3195 3196 3197 3198 3199 3362 3363 3364 3402 3403 3472 3473 3494 3495 3496 3497 3498 3499 3539 3540 3546 3547 3984 3985 3986 4333 4343 4404 4405 4406 4407 4408 4409 4689 4761 4762 4865 4866 4935 4947 4957 4978 5015 5026 5027 5028 5029 5059 5151 5246 5247 5259 5260 5320 5321 5349 5350 5356 5373 5374 5393 5398 5503 5505 5506 5507 5581 5628 5653 5722 5767 5774 5775 5872 5873 5896 5905 5950 5973 6004 6029 6063 13538 13539 13540 13542 
	}
	weather={
	}
}
