
strategic_region={
	id=5
	name="STRATEGICREGION_5"
	provinces={
		1 2 3 4 5 172 173 174 175 176 177 178 179 191 192 193 324 325 326 327 328 329 330 688 689 690 691 692 693 694 695 696 697 698 699 700 701 702 703 704 714 715 852 853 854 856 857 858 859 860 861 862 863 1012 1013 1085 1126 1127 1128 1129 1130 1131 1132 1133 1134 1148 1647 1648 1649 1650 1651 1691 1692 1693 1788 1789 1790 1873 1874 1875 1876 1877 1878 1879 1880 1881 1882 1977 1978 1979 1981 1982 1983 1984 1985 1986 2201 2202 2274 2275 2357 2358 2359 2360 2403 2404 2467 2468 2526 2527 2528 2529 2571 2572 2573 2849 2850 2851 2949 2950 2951 2952 2953 2954 2955 2956 2957 2958 2959 2960 2961 2962 3014 3015 3016 3017 3143 3144 3145 3178 3211 3212 3353 3354 3369 3370 3371 3372 3373 3374 3375 3376 3377 3378 3379 3380 3381 3382 3383 3384 3385 3386 3387 3388 3519 3553 3631 3632 3633 3717 3874 3875 3876 3877 4018 4019 4020 4021 4022 4023 4133 4180 4193 4222 4237 4238 4239 4281 4373 4374 4375 4376 4377 4465 4482 4486 4631 4632 4633 4638 4639 4640 4722 4859 4872 4922 4923 4955 4963 4964 4997 4998 5055 5056 5057 5084 5114 5155 5165 5217 5218 5305 5544 5568 5661 5662 5720 5721 5730 5791 5792 5860 5877 5880 5900 5915 5944 5979 5982 6015 6104 6110 6111 13534 13535 13536 13537 13613 13663 13668 13670 13671 13674 13676 13678 13680 13681 13683 13685 13686 13687 13689 13690 13691 13692 13693 13694 13695 13696 13697 13698 13699 13700 13701 13702 
	}
	weather={
	}
}
