
strategic_region={
	id=5
	name="STRATEGICREGION_5"
	provinces={
		1 2 3 4 5 172 173 174 175 176 177 178 179 191 192 193 324 325 326 327 328 329 330 688 689 690 691 692 693 694 695 696 697 698 699 700 701 702 703 704 714 715 781 782 783 784 785 786 787 788 852 853 854 856 857 858 859 860 861 862 863 1012 1013 1083 1084 1085 1086 1087 1088 1089 1090 1091 1092 1093 1094 1095 1122 1123 1124 1125 1126 1127 1128 1129 1130 1131 1132 1133 1134 1148 1647 1648 1649 1650 1651 1691 1692 1693 1788 1789 1790 1865 1866 1867 1868 1869 1870 1871 1872 1873 1874 1875 1876 1877 1878 1879 1880 1881 1882 1977 1978 1979 1981 1982 1983 1984 1985 1986 2093 2094 2201 2202 2262 2263 2264 2265 2266 2267 2274 2275 2357 2358 2359 2360 2403 2404 2467 2468 2526 2527 2528 2529 2571 2572 2573 2849 2850 2851 2949 2950 2951 2952 2953 2954 2955 2956 2957 2958 2959 2960 2961 2962 3014 3015 3016 3017 3143 3144 3145 3178 3179 3211 3212 3214 3293 3294 3351 3352 3353 3354 3369 3370 3371 3372 3373 3374 3375 3376 3377 3378 3379 3380 3381 3382 3383 3384 3385 3386 3387 3388 3490 3519 3553 3576 3631 3632 3633 3717 3874 3875 3876 3877 4018 4019 4020 4021 4022 4023 4089 4133 4180 4193 4222 4237 4238 4239 4268 4269 4270 4271 4281 4373 4374 4375 4376 4377 4465 4482 4486 4581 4582 4583 4584 4585 4586 4587 4588 4631 4632 4633 4638 4639 4640 4715 4716 4722 4804 4859 4872 4922 4923 4955 4963 4964 4997 4998 5055 5056 5057 5084 5114 5155 5161 5165 5217 5218 5271 5272 5305 5372 5496 5517 5544 5568 5630 5661 5662 5720 5721 5730 5791 5792 5860 5877 5880 5900 5915 5944 5979 5982 6015 6085 6089 6104 6110 6111 11154 13534 13535 13536 13537 13566 13567 13568 13569 13613 
	}
	weather={
	}
}
