
strategic_region={
	id=55
	name="STRATEGICREGION_55"
	provinces={
		167 168 169 170 171 904 905 906 907 908 909 910 911 912 1164 1165 1200 1201 1202 1203 1204 1706 1707 1708 1709 1710 1711 1949 2281 2282 2283 2309 2310 2311 2312 2313 3241 3242 3558 3559 3560 3561 3562 3563 3564 3584 3585 3838 3887 3888 4205 4275 4324 4325 4506 4507 4818 4841 4990 4991 4992 5061 5062 5205 5212 5245 5298 5299 5655 5834 5862 5902 6042 6075 6284 6310 6391 6392 6393 6394 6395 6396 6397 6419 6425 6426 6427 6511 6516 6517 6518 6550 6723 6766 6787 6857 6869 6926 6948 6953 6992 6993 7036 7038 7039 7040 7102 7155 7156 7172 7253 7258 7281 7328 7339 7340 7341 7424 7428 7429 7463 7515 7528 7529 7530 7570 7596 7609 7610 7633 7634 7674 7722 7723 7781 7803 7840 7981 8106 8157 8222 8223 8349 8371 8372 8375 8407 8473 8506 8507 8508 8509 8510 8511 8642 8650 8673 8679 8714 8731 8794 8805 8812 8813 8814 8826 8827 8833 8834 8919 8942 8948 8961 8998 9007 9008 9016 9021 9022 9059 9062 9106 9107 9108 9109 9110 9123 9132 9176 9200 9201 9202 9251 9306 9315 9343 9344 9384 9387 9399 9441 9442 9443 9444 9458 9528 9627 9642 9667 9696 9715 9748 9819 9830 9831 9858 9859 9903 9912 9931 9932 9977 9978 9980 9985 10058 10166 10204 10254 10284 10285 10308 10321 10367 10415 10469 10470 10472 10503 10506 10579 10580 10637 10638 10731 10778 10779 10880 10881 10891 10920 10933 10935 10981 10990 10991 11162 11169 11170 11186 11187 11224 11227 11242 11244 11281 11300 11319 11386 11577 11600 11619 11667 11696 11803 11846 11887 11892 11915 11944 11949 11976 11997 12003 12021 12026 12027 12080 12081 12082 12140 12155 12162 12189 12250 12317 12330 12331 12365 12615 12674 12682 12694 12790 12829 12854 12869 12870 12875 12903 12908 12927 12928 12932 12961 13007 13025 13036 13076 13129 13254 13280 13306 13312 13367 13406 13416 13430 13431 13752 13753 13755 13757 13764 13767 13769 13771 13773 13776 13783 
	}
	naval_terrain=water_deep_ocean
	weather={
	}
}
