
strategic_region={
	id=56
	name="STRATEGICREGION_56"
	provinces={
		2502 4868 5642 6196 6383 6399 6470 6483 6484 6531 6532 6616 6625 6719 6761 6831 7020 7075 7143 7546 7547 7548 7549 7562 7695 7696 7773 7774 7896 7964 7965 7966 8021 8308 8334 8340 8341 8342 8343 8345 8482 8524 8583 8599 8600 8601 8602 8603 8604 8605 8620 8625 8720 8992 9177 9179 9252 9253 9345 9366 9390 9391 9567 9581 9899 9986 10075 10193 10216 10263 10307 10362 10372 10582 10634 10706 10746 10906 11095 11140 11200 11201 11202 11302 11455 11725 11778 11779 11816 11897 11947 12012 12035 12102 12151 12174 12187 12188 12247 12259 12278 12324 12325 12633 12673 12819 12878 12906 12989 12992 13000 13013 13120 13283 13371 13409 13610 13612 13673 
	}
	naval_terrain=water_deep_ocean
	weather={
	}
}
