
strategic_region={
	id=58
	name="STRATEGICREGION_58"
	provinces={
		113 114 238 239 260 261 262 263 390 391 392 551 792 793 794 795 796 797 1094 1665 1865 2299 2486 2489 2490 2491 2492 2493 2494 2495 2496 2497 2498 2499 2500 2501 2503 2504 2683 2684 2685 2856 2910 2911 2912 2913 2914 2915 2916 2917 2918 2919 3167 3168 3169 3170 3171 3172 3500 3501 3502 3615 3616 3617 3787 3810 3811 3936 3939 3940 3941 3942 3943 3955 3956 4080 4081 4082 4083 4084 4201 4202 4332 4782 4783 4804 5047 5168 5169 5197 5433 5434 5575 5588 5646 5677 5894 5926 5948 5951 6114 6142 6146 6148 13608 13609 13611 13647 13861 13862 13865 13866 
	}
	weather={
	}
}
