
strategic_region={
	id=58
	name="STRATEGICREGION_58"
	provinces={
		104 105 106 107 108 109 110 113 114 238 239 260 261 262 263 390 391 392 792 793 794 795 796 797 1665 2022 2023 2024 2025 2026 2299 2307 2308 2420 2421 2486 2489 2490 2491 2492 2493 2494 2495 2496 2497 2498 2499 2500 2501 2502 2503 2504 2676 2677 2678 2679 2680 2681 2683 2684 2685 2856 2910 2911 2912 2913 2914 2915 2916 2917 2918 2919 3167 3168 3169 3170 3171 3172 3500 3501 3502 3508 3509 3615 3616 3617 3787 3810 3811 3939 3940 3941 3942 3943 3955 3956 3961 4080 4081 4082 4083 4084 4097 4098 4099 4100 4138 4139 4140 4141 4201 4202 4332 4483 4642 4643 4687 4782 4783 4907 5047 5168 5169 5197 5207 5416 5428 5433 5434 5500 5575 5588 5593 5646 5677 5808 5879 5888 5889 5926 5948 5951 5969 5972 6114 6142 6146 6148 6157 6160 13608 13609 13610 13611 13612 13647 4804 3936
	}
	weather={
	}
}
