
strategic_region={
	id=6
	name="STRATEGICREGION_6"
	provinces={
		962 963 964 965 1056 1057 1058 1059 1060 1061 1485 1486 1487 1488 1489 1490 1491 1492 1493 1494 2242 2243 2244 2245 2246 2247 2248 2249 2250 2251 2252 2253 2254 2505 2587 2588 2589 2590 2591 2614 2639 2640 2641 2658 2659 2699 2700 2701 2702 2721 2722 2723 2833 2834 2835 2836 2837 2838 2898 2899 2900 2929 2930 3623 3624 3625 3626 3746 3747 3782 3783 3784 3854 3890 4088 4120 4228 4247 4466 4493 4661 4662 4663 4737 4755 4756 4878 5236 5237 5238 5239 5363 5371 5458 5553 5554 5583 5585 5613 5651 5672 5742 5892 5913 5967 5994 6053 6057 6177 6182 
	}
	weather={
	}
}
