
strategic_region={
	id=7
	name="STRATEGICREGION_7"
	provinces={
		41 42 43 44 45 46 47 48 49 50 51 52 53 54 55 56 57 58 59 60 61 62 63 756 757 760 1098 1099 1100 1101 1102 1103 1104 1105 1106 1178 1179 1307 1308 1309 1310 1311 1312 1313 1387 1388 1423 1951 1952 1953 1957 1958 2072 2098 2099 2100 2116 2476 2477 2478 2479 2480 2481 3001 3023 3024 3025 3026 3027 3180 3181 3239 3240 3655 3656 3732 3733 3734 3790 3823 3824 3825 3826 3827 3828 3829 3865 3866 3867 3892 3929 3930 3931 3932 3933 4103 4104 4216 4217 4218 4346 4347 4348 4416 4436 4437 4479 4519 4532 4575 4764 4765 4766 4797 4815 4856 4910 4911 4954 5046 5051 5066 5111 5166 5202 5240 5241 5264 5265 5322 5355 5556 5615 5687 5741 5769 5787 5818 5826 5916 5917 5921 5938 5939 6032 6093 
	}
	weather={
	}
}
