
strategic_region={
	id=7
	name="STRATEGICREGION_7"
	provinces={
		23 41 42 43 44 45 46 47 48 49 50 51 52 53 54 55 56 57 58 59 60 61 62 63 67 68 69 70 71 72 73 74 75 76 77 78 79 80 81 111 112 115 116 397 398 399 400 401 402 403 404 405 406 407 408 409 416 417 452 453 457 458 459 460 461 462 463 529 530 644 709 710 711 712 713 756 757 758 759 760 843 885 934 952 953 954 1062 1063 1064 1065 1066 1098 1099 1100 1101 1102 1103 1104 1105 1106 1141 1142 1143 1178 1179 1298 1299 1304 1305 1306 1307 1308 1309 1310 1311 1312 1313 1387 1388 1416 1417 1418 1419 1420 1421 1422 1423 1576 1577 1578 1659 1660 1661 1662 1663 1664 1666 1667 1761 1762 1763 1764 1765 1766 1883 1884 1885 1886 1887 1888 1889 1890 1891 1892 1893 1894 1895 1917 1950 1951 1952 1953 1954 1955 1956 1957 1958 2072 2073 2074 2075 2098 2099 2100 2116 2125 2126 2190 2191 2192 2193 2194 2333 2476 2477 2478 2479 2480 2481 2482 2483 2484 2485 2487 2488 2593 2647 2648 2649 2754 2815 2816 2817 2818 2819 2867 2868 2995 3001 3004 3005 3018 3020 3021 3022 3023 3024 3025 3026 3027 3084 3085 3164 3165 3166 3180 3181 3239 3240 3418 3419 3420 3421 3452 3453 3454 3455 3468 3582 3640 3641 3642 3655 3656 3718 3719 3720 3732 3733 3734 3779 3780 3781 3790 3823 3824 3825 3826 3827 3828 3829 3862 3863 3864 3865 3866 3867 3892 3906 3929 3930 3931 3932 3933 4007 4008 4009 4010 4011 4072 4101 4103 4104 4148 4149 4150 4151 4195 4216 4217 4218 4279 4280 4346 4347 4348 4401 4416 4436 4437 4467 4468 4469 4472 4479 4512 4513 4514 4515 4516 4517 4518 4519 4520 4521 4522 4523 4529 4530 4532 4533 4563 4566 4567 4568 4575 4604 4605 4644 4645 4680 4718 4764 4765 4766 4795 4797 4815 4856 4910 4911 4954 5046 5051 5066 5111 5159 5166 5167 5180 5181 5182 5202 5213 5240 5241 5263 5264 5265 5317 5318 5322 5355 5376 5381 5382 5385 5386 5390 5391 5407 5446 5476 5495 5508 5509 5512 5513 5514 5552 5556 5574 5586 5587 5615 5632 5643 5644 5665 5684 5687 5702 5703 5741 5751 5755 5756 5769 5782 5787 5796 5818 5821 5826 5882 5883 5916 5917 5919 5921 5938 5939 5945 5958 5961 5985 5988 6021 6032 6093 6129 6134 
	}
	weather={
	}
}
