
strategic_region={
	id=8
	name="STRATEGICREGION_8"
	provinces={
		130 131 136 137 142 143 161 162 163 244 245 246 247 248 249 250 381 382 383 384 385 386 387 388 464 465 466 467 468 469 470 471 472 473 474 475 476 477 491 492 512 513 514 515 516 517 518 519 520 521 677 678 679 680 716 717 718 719 720 721 723 754 755 818 819 820 821 822 823 824 850 851 855 939 940 941 942 943 966 967 968 969 970 971 972 973 974 975 976 977 1007 1008 1009 1010 1011 1014 1015 1016 1017 1018 1019 1020 1096 1097 1149 1275 1276 1277 1278 1279 1280 1281 1282 1283 1284 1285 1286 1287 1288 1300 1301 1302 1303 1426 1427 1428 1440 1441 1442 1443 1444 1445 1446 1447 1474 1475 1476 1477 1478 1482 1483 1506 1507 1508 1509 1510 1511 1512 1513 1553 1554 1612 1613 1614 1615 1616 1617 1618 1619 1620 1621 1622 1623 1624 1625 1626 1627 1628 1688 1689 1690 1725 1726 1727 1728 1729 1730 1731 1732 1733 1770 1771 1773 1774 1775 1776 1777 1778 1803 1804 1805 1806 1807 1808 1809 1810 1811 1896 1897 1898 1947 1948 2027 2028 2029 2030 2057 2058 2059 2060 2061 2062 2063 2064 2065 2127 2128 2129 2130 2131 2132 2133 2134 2135 2136 2137 2141 2151 2152 2153 2154 2155 2156 2157 2158 2159 2160 2196 2197 2306 2320 2321 2322 2323 2324 2325 2332 2334 2352 2353 2361 2362 2363 2364 2365 2409 2422 2423 2424 2425 2521 2535 2574 2579 2580 2581 2582 2625 2626 2627 2628 2629 2630 2631 2632 2830 2831 2832 2839 2885 2886 2887 2901 2902 2903 2904 2905 2906 2907 2908 2909 3013 3065 3066 3067 3105 3107 3108 3109 3110 3111 3112 3129 3130 3131 3132 3133 3134 3135 3136 3184 3210 3233 3234 3235 3236 3237 3238 3246 3247 3248 3249 3250 3251 3264 3265 3302 3391 3429 3457 3458 3549 3550 3551 3568 3569 3706 3744 3745 3761 3785 3786 3793 3794 3795 3822 3855 3856 3905 3916 3917 3918 3919 3920 3921 3922 3923 3924 3925 3926 3927 3957 3958 3962 3963 3964 3996 3997 3998 3999 4024 4025 4031 4032 4033 4034 4035 4036 4037 4038 4055 4056 4057 4058 4096 4123 4124 4125 4126 4127 4128 4129 4213 4214 4258 4260 4263 4265 4283 4284 4300 4315 4316 4317 4336 4365 4366 4400 4428 4475 4476 4490 4491 4492 4505 4548 4549 4557 4558 4564 4565 4651 4652 4653 4669 4670 4671 4674 4685 4686 4705 4735 4760 4777 4807 4808 4857 4864 4876 4879 4880 4881 4888 4889 4929 4946 4994 4995 5030 5035 5036 5049 5050 5053 5069 5070 5077 5078 5091 5092 5100 5101 5102 5107 5115 5123 5178 5208 5235 5270 5284 5300 5325 5326 5332 5359 5360 5368 5396 5397 5429 5430 5432 5451 5474 5479 5489 5504 5529 5539 5540 5542 5550 5557 5558 5559 5560 5567 5592 5607 5612 5627 5637 5697 5731 5735 5743 5795 5807 5813 5833 5835 5854 5863 5875 5930 5931 5935 5953 5960 5989 5992 6007 6018 6031 6034 6056 6073 6088 6091 6098 6133 6139 6140 6141 6147 6186 6187 6190 6192 6194 
	}
	weather={
	}
}
