
strategic_region={
	id=8
	name="STRATEGICREGION_8"
	provinces={
		136 137 142 143 161 162 163 244 245 246 247 248 249 250 385 386 387 388 464 465 466 467 468 469 470 471 472 473 474 475 476 477 491 492 512 513 514 515 516 517 518 519 520 521 677 678 679 680 716 717 718 719 720 721 723 818 819 820 821 822 823 824 1014 1015 1016 1017 1018 1019 1020 1282 1283 1284 1285 1286 1287 1288 1303 1440 1441 1442 1443 1444 1445 1446 1447 1474 1475 1476 1482 1483 1506 1507 1508 1509 1510 1511 1512 1513 1553 1554 1612 1613 1614 1615 1616 1617 1618 1619 1620 1621 1622 1623 1624 1625 1626 1627 1628 1688 1689 1690 1732 1733 1770 1771 1773 1774 1775 1776 1777 1803 1804 1805 1806 1807 1808 1809 1810 1811 1896 1897 1898 1947 1948 2027 2028 2029 2030 2057 2058 2059 2060 2061 2062 2063 2064 2065 2141 2151 2152 2153 2154 2155 2156 2157 2196 2197 2306 2320 2321 2322 2323 2324 2325 2332 2334 2352 2353 2409 2535 2579 2580 2581 2582 2830 2831 2832 2885 2886 2887 2901 2902 2903 2904 2905 2906 2907 2908 2909 3065 3066 3067 3184 3210 3233 3234 3235 3236 3237 3238 3264 3265 3302 3429 3457 3458 3549 3568 3569 3706 3744 3745 3761 3785 3786 3793 3794 3795 3822 3905 3917 3962 3963 3964 3996 3997 3998 3999 4024 4025 4031 4032 4033 4034 4035 4036 4037 4038 4057 4058 4096 4123 4124 4125 4126 4127 4128 4129 4213 4214 4258 4260 4265 4300 4336 4365 4366 4400 4428 4475 4476 4490 4491 4492 4548 4549 4557 4558 4564 4565 4651 4652 4653 4669 4670 4671 4685 4686 4705 4857 4864 4879 4880 4881 4929 4946 4994 4995 5030 5053 5069 5070 5077 5100 5101 5102 5107 5115 5123 5178 5208 5235 5270 5284 5325 5360 5368 5396 5397 5432 5474 5489 5542 5550 5557 5558 5559 5560 5592 5607 5612 5627 5697 5731 5735 5743 5807 5854 5863 5930 5931 5935 5960 5992 6007 6034 6056 6073 6098 6133 6139 6140 6141 6147 6186 6187 6194 13614 
	}
	weather={
	}
}
