
strategic_region={
	id=80
	name="STRATEGICREGION_80"
	provinces={
		6210 6459 6468 6489 6540 6541 6565 6566 6589 6653 6681 6709 6768 6782 6808 6935 7011 7078 7083 7196 7255 7266 7388 7400 7420 7425 7427 7446 7573 7621 7764 7778 7784 8004 8041 8133 8175 8199 8207 8214 8243 8379 8384 8385 8413 8416 8454 8594 8634 8646 8710 8716 8717 8766 8796 8841 8846 8865 8967 8976 9037 9047 9056 9203 9273 9296 9468 9496 9520 9530 9555 9601 9651 9709 9779 9780 9820 9883 10083 10095 10106 10298 10379 10418 10527 10528 10581 10616 10674 10685 10768 10863 10940 10995 11031 11034 11054 11102 11105 11113 11116 11133 11334 11348 11382 11402 11404 11612 11625 11653 11678 11738 11752 11805 11809 11829 11899 12129 12165 12179 12227 12231 12437 12442 12460 12465 12563 12588 12634 12657 12677 12683 12767 12779 12889 13113 13217 13293 13296 13319 13336 13385 13411 13419 
	}
	naval_terrain=water_deep_ocean
	weather={
	}
}
