
strategic_region={
	id=81
	name="STRATEGICREGION_81"
	provinces={
		6182 6204 6241 6319 6325 6407 6452 6457 6471 6580 6722 6759 6887 6893 6937 6986 6991 7009 7013 7019 7045 7079 7091 7259 7273 7297 7351 7373 7413 7421 7454 7455 7456 7461 7465 7541 7580 7589 7616 7635 7753 7756 7856 7884 8045 8299 8335 8351 8356 8422 8452 8519 8652 8774 8782 8818 8831 8840 8855 8907 8908 8927 8971 8972 8997 9006 9082 9097 9131 9217 9279 9316 9403 9487 9609 9633 9681 9698 9726 9815 9823 9824 9840 9982 9991 10004 10005 10023 10125 10225 10277 10323 10346 10348 10354 10391 10487 10498 10508 10511 10604 10610 10650 10658 10667 10762 10807 10817 10820 10898 10951 10959 10968 10980 11005 11065 11081 11171 11258 11278 11340 11393 11395 11492 11493 11545 11572 11588 11622 11632 11643 11733 11817 11848 11900 12015 12055 12056 12057 12058 12059 12105 12121 12135 12169 12181 12184 12185 12207 12244 12249 12284 12319 12353 12476 12479 12650 12750 12752 12874 12915 12920 12955 12958 12975 13033 13059 13086 13108 13148 13149 13152 13168 13184 13243 13274 13302 13325 13372 13398 
	}
	naval_terrain=water_deep_ocean
	weather={
	}
}
