
strategic_region={
	id=87
	name="STRATEGICREGION_87"
	provinces={
		6177 6206 6207 6238 6250 6278 6288 6359 6558 6765 6861 6897 7125 7126 7127 7164 7312 7574 7601 8122 8176 8378 8440 8461 8736 9214 9215 9231 9338 9595 9856 9937 9957 9981 10085 10156 10169 10195 10259 10341 10486 10521 10529 10670 10671 10672 10673 10715 10917 11004 11106 11173 11174 11339 11426 11466 11469 11480 11538 11746 11761 12103 12243 12511 12566 12595 12610 12647 12651 12945 12963 12982 13121 13192 
	}
	naval_terrain=water_deep_ocean
	weather={
	}
}
