
strategic_region={
	id=88
	name="STRATEGICREGION_88"
	provinces={
		781 782 783 784 785 786 787 788 1083 1084 1086 1087 1088 1089 1090 1091 1092 1093 1094 1095 1122 1123 1124 1125 1865 1868 1869 1870 1871 1872 2093 2094 2262 2263 2264 2265 2266 2267 3179 3293 3294 3351 3352 3490 3576 4089 4268 4269 4270 4271 4581 4582 4583 4584 4585 4586 4587 4588 4715 4716 5161 5271 5272 5372 5496 5517 5630 6085 6089 13566 13568 13664 13665 13666 13667 13669 13672 13673 13675 13677 13679 13682 13684 13688 
	}
	weather={
	}
}
