state={
	id=55
	name="STATE_55"
	
	history={
		owner = IDR
		buildings = {

		}
		add_core_of = IDR

	}
	
	provinces={
		41 42 43 44 47 48 49 50 51 52 53 57 58 59 60 61 62 63 1098 1099 1100 1101 1102 1103 1104 1105 1106 1178 1179 1387 1388 1423 1953 2098 2099 2100 2116 2476 2477 2478 2479 2480 2481 3020 3027 3180 3181 3239 3240 3732 3733 3734 3790 3823 3824 3825 3826 3827 3828 3829 3865 3866 3867 3892 3929 3930 3931 3932 3933 4216 4217 4218 4346 4347 4348 4436 4437 4469 4479 4519 4532 4764 4765 4766 4910 4911 5046 5111 5166 5167 5240 5241 5355 5615 5741 5787 5818 5826 5916 5917 5921 5938 5939 6093 
	}
	manpower=0
	buildings_max_level_factor=1.000
}
