state={
	id=56
	name="STATE_56"
	
	history={
		owner = TEL
		buildings = {

		}
		add_core_of = TEL

	}
	
	provinces={
		23 397 398 399 400 401 402 403 404 405 406 407 408 409 843 934 1062 1063 1064 1065 1066 1141 1142 1143 1917 1954 1955 1956 1957 1958 2647 2648 2649 2754 2815 2816 2817 2818 2819 3001 3004 3005 3084 3085 3164 3165 3166 3452 3453 3454 3455 3718 3719 3720 3779 3780 3781 3862 3864 4072 4148 4149 4150 4151 4467 4468 4512 4513 4514 4515 4516 4517 4518 4520 4521 4522 4523 4533 4575 4604 4605 4718 4795 5051 5159 5180 5181 5182 5317 5318 5381 5382 5390 5391 5407 5574 5586 5587 5751 5782 5796 5882 5883 5919 5945 5958 5961 5985 5988 
	}
	manpower=0
	buildings_max_level_factor=1.000
}
