
state={
	id=100
	name="STATE_100"

	history={
		#owner = TSA
		buildings = {

		}
		add_core_of = TSA

	}

	provinces={
		274 275 276 900 901 902 903 913 914 915 916 917 918 919 920 921 922 923 924 925 926 927 928 929 1166 1167 1168 1169 1170 1172 1173 1174 1175 1176 1177 1223 1224 1225 1228 1229 1335 1336 1603 1642 1643 2067 2068 2069 2070 2071 2214 2215 2216 2217 2218 2219 2287 2288 2289 2290 2291 2351 2543 2544 2545 2781 2782 2783 2784 2806 2807 2808 2809 2810 2811 2812 2813 2814 2828 2829 2934 2935 2980 2981 2982 2983 3058 3161 3162 3163 3643 3644 3682 3690 3691 3692 3693 3728 3729 3812 3893 4054 4229 4230 4322 4323 4425 4456 4457 4458 4570 4571 4665 4666 4678 4679 4684 4692 4693 4838 4839 4848 4862 4863 4924 4972 5016 5112 5158 5189 5248 5249 5250 5258 5323 5331 5456 5457 5487 5488 5530 5541 5546 5547 5685 5727 5925 5927 6013 13754 
	}
	manpower=0
	buildings_max_level_factor=1.000
}
