state={
	id=101
	name="STATE_101"
	
	history={
		owner = TSA
		buildings = {

		}
		add_core_of = TSA

	}
	
	provinces={
		761 762 763 764 991 992 993 994 995 996 997 998 1332 1333 1334 1337 1604 1605 1606 1607 2066 2259 2260 2373 2374 2375 2376 2377 2427 3086 3087 3102 3103 3392 3653 3683 3714 3715 3716 3725 3726 3751 3752 3753 3754 3755 3756 3959 3960 4012 4013 4014 4240 4241 4335 4337 4338 4339 4340 4341 4342 5064 5065 5152 5171 5203 5227 5228 5358 5487 5572 5638 5652 5728 6020 
	}
	manpower=0
	buildings_max_level_factor=1.000
}
