
state={
	id=102
	name="STATE_102"

	history={
		#owner = TSA
		buildings = {

		}
		add_core_of = TSA

	}

	provinces={
		134 264 265 266 267 268 269 270 634 635 1264 1265 1266 1267 1289 1290 1291 1292 1293 1294 1295 1296 1297 1579 1580 1581 1582 1583 1584 1585 1586 1587 1588 1589 1590 1591 1694 1695 1696 1697 1698 1701 1702 1703 1934 2257 2258 2295 2296 2297 2298 2337 2338 2339 2340 2341 2465 2466 2585 2586 2650 2651 3064 3185 3186 3187 3230 3276 3277 3278 3279 3313 3314 3315 3316 3317 3318 3319 3520 3521 3522 3523 3524 3525 3548 3606 3636 3637 3688 4159 4160 4161 4162 4288 4289 4328 4329 4330 4396 4397 4398 4399 4478 4543 4544 4545 4723 4724 4732 4733 4759 4809 4810 4811 4867 4899 4900 5011 5032 5079 5080 5132 5214 5215 5216 5231 5232 5294 5307 5328 5345 5346 5692 5715 5725 5726 5746 5801 5811 5812 5852 5901 5904 6054 6059 6060 6086 6126 13775 13786 13787 
	}
	manpower=0
	buildings_max_level_factor=1.000
}
