
state={
	id=103
	name="STATE_103"

	history={
		owner = KML
		buildings = {

		}
		add_core_of = KML

	}

	provinces={
		180 181 182 183 184 185 186 187 188 302 303 304 305 306 307 378 379 578 579 580 581 582 583 584 585 586 587 588 589 590 591 592 593 594 595 596 597 598 599 600 601 618 619 620 955 956 957 958 959 960 961 984 985 986 987 988 1404 1405 1502 1503 1504 1505 1535 1536 1537 1538 1539 1704 1705 1815 1816 1817 1818 1819 1820 1821 1822 1823 1824 1825 2460 2583 2584 2606 2607 2660 2661 2858 2859 2860 2861 2862 2863 2864 2920 2921 2922 3153 3154 3155 3156 3157 3158 3159 3160 3176 3177 3274 3275 3331 3332 3334 3335 3336 3337 3422 3423 3424 3425 3426 3427 3428 3443 3444 3445 3491 3492 3493 3526 3527 3528 3599 3600 3601 3618 3619 3620 3629 3630 3675 3676 3687 3723 3724 3768 3776 3777 3778 3813 3837 4026 4053 4349 4350 4356 4447 4542 4554 4555 4556 4619 4620 4621 4622 4681 4682 4683 4699 4700 4701 4708 4709 4725 4726 4738 4739 4743 4751 4752 4753 4754 4820 4821 4835 4854 4855 4938 4973 4974 4975 4976 4977 4996 5008 5060 5133 5149 5200 5201 5257 5302 5303 5312 5313 5314 5327 5387 5392 5400 5401 5422 5423 5424 5425 5468 5469 5510 5511 5518 5519 5520 5521 5526 5527 5598 5599 5657 5678 5679 5680 5681 5719 5738 5739 5748 5779 5819 5832 5836 5842 5848 5949 5954 5996 5997 6008 6041 6070 6090 6100 6101 6102 6119 6130 6136 
	}
	manpower=0
	buildings_max_level_factor=1.000
}
