
state={
	id=104
	name="STATE_104"

	history={
		owner = KML
		buildings = {

		}
		add_core_of = KML

	}

	provinces={
		25 26 160 251 252 253 353 789 790 1257 1258 1259 1260 1261 1262 1263 1965 1966 1967 1968 2056 2238 2239 2240 2241 2292 2293 2294 2335 2336 2469 2470 2472 2506 2507 2508 2509 2510 2511 2512 2513 2514 3030 3031 3269 3411 3465 3466 3510 3511 3684 3685 3686 3769 3770 3788 3789 3820 3821 3894 3895 4654 4655 4675 4719 4720 4721 4846 4847 5120 5121 5122 5126 5127 5163 5174 5253 5254 5255 5545 5604 5605 5606 5656 5754 5804 5849 5857 6033 6035 6038 6049 6137 
	}
	manpower=0
	buildings_max_level_factor=1.000
}
