state={
	id=106
	name="STATE_106"
	
	history={
		owner = KML
		buildings = {

		}
		add_core_of = KML

	}
	
	provinces={
		347 348 349 350 351 352 353 826 1152 1153 1154 1406 1407 1408 1409 1410 1411 1412 1413 1414 1415 1779 1780 1781 1782 1783 1899 1900 1901 1902 1903 1904 1905 1906 1907 1908 2083 2084 2085 2142 2143 2144 2145 2146 2381 2447 2448 2449 2471 2472 2473 2474 2506 2515 2516 2715 2716 2717 2718 3146 3147 3148 3149 3150 3151 3152 3735 3736 3839 3840 3841 4145 4146 4147 4174 4175 4203 4560 4561 4562 4572 4576 4615 4616 4617 4618 4636 4637 4688 4853 5031 5040 5224 5225 5226 5342 5351 5369 5449 5608 5717 5778 5798 5918 5966 5971 6045 6055 6105 6132 6157 6159 6160 
	}
	manpower=0
	buildings_max_level_factor=1.000
}
