
state={
	id=107
	name="STATE_107"

	history={
		owner = KML
		buildings = {

		}
		add_core_of = KML

	}

	provinces={
		18 19 20 21 22 24 560 812 813 814 1247 1248 1249 1250 1251 1252 1253 1254 1255 1256 1959 1960 1961 1962 1963 1964 2122 2123 2124 2559 2560 2561 2562 2563 2564 2608 2609 2610 2611 2612 2613 2715 3258 3259 3260 3261 3262 3766 3767 3868 3869 3870 3871 3872 3889 3908 3909 4134 4169 4231 4232 4676 4677 4690 4695 4696 4773 4802 4837 4896 4914 5010 5063 5204 5279 5280 5383 5463 5471 5573 5694 5695 5999 
	}
	manpower=0
	buildings_max_level_factor=1.000
}
