
state={
	id=109
	name="STATE_109"

	history={
		#owner = KML
		buildings = {

		}
		#add_core_of = KML

	}

	provinces={
		82 83 84 85 86 87 88 410 411 412 449 450 451 636 637 1044 2755 2765 2766 2767 2768 2769 2770 2943 2944 2993 3113 3114 3115 3116 3117 3137 3138 3139 3140 3141 3142 3338 3339 3340 3342 3343 3344 3345 3346 3488 3489 3593 3594 3645 3646 3647 3648 3649 3650 3651 3661 3662 3663 3664 3665 3666 3667 3669 3671 3672 3673 3674 3830 3831 3832 4090 4091 4092 4224 4225 4301 4390 4459 4460 4461 4462 4463 4464 4484 4485 4787 4788 4789 4790 4791 4792 4793 4794 4836 4925 4926 4927 4936 4937 4958 4959 4960 4961 4962 4980 5001 5093 5128 5175 5329 5450 5571 5577 5578 5617 5830 5853 5897 5898 5899 5914 5928 5933 6046 6116 
	}
	manpower=1
	state_category=state_level_0
}
