
state={
	id=110
	name="STATE_110"

	history={
		owner = KML
		buildings = {

		}
		add_core_of = KML

	}

	provinces={
		10 11 12 13 14 15 16 17 117 118 119 120 229 230 231 232 233 234 235 236 237 308 309 310 311 312 313 314 315 316 317 318 319 320 321 413 414 415 486 487 488 489 490 779 780 809 810 811 825 826 827 828 829 830 831 832 833 834 835 836 837 838 839 875 876 877 878 879 880 881 882 883 884 932 933 935 936 937 938 1241 1386 1525 1526 1527 1528 1529 1530 1531 1826 1827 1828 1829 1830 1831 1832 1909 1910 1911 1912 1913 1914 1915 1916 2110 2111 2112 2113 2114 2115 2331 2852 2853 2854 2855 2869 2870 2871 2872 2873 2874 2875 2876 2877 2937 2938 3088 3089 3090 3091 3092 3093 3188 3189 3190 3191 3192 3226 3227 3228 3229 3575 3607 3609 3638 3639 3804 3805 3873 3896 3897 3898 3899 3901 3907 4050 4051 4052 4071 4130 4131 4181 4182 4183 4184 4185 4418 4419 4487 4579 4641 4691 4717 4823 4845 4870 4912 4941 4942 4943 4944 5024 5131 5135 5136 5177 5185 5192 5193 5252 5364 5365 5409 5411 5477 5478 5484 5523 5555 5564 5565 5566 5635 5636 5639 5650 5712 5713 5759 5765 5766 5771 5890 5891 5912 5923 5978 6017 6023 6066 
	}
	manpower=0
	buildings_max_level_factor=1.000
}
