
state={
	id=111
	name="STATE_111"

	history={
		owner = KML
		buildings = {

		}
		add_core_of = KML

	}

	provinces={
		99 100 101 102 103 425 426 427 428 429 430 431 432 433 434 435 436 437 438 439 440 441 442 447 448 640 641 642 643 1150 1151 1369 1370 1371 1372 1373 1374 1375 1376 1377 1454 1455 1456 1469 1470 1471 1472 1473 1570 1571 1572 1767 1768 1769 2076 2077 2078 2079 2536 2537 2538 2539 2540 2541 2542 2633 2695 2724 2725 2726 2888 2889 2890 2891 2892 2895 2896 3120 3229 3365 3366 3367 3368 3447 3448 3449 3450 3451 3544 3602 3603 3604 3605 3657 3658 3659 3660 3668 3741 3742 3743 3765 3880 3881 4042 4043 4363 4364 4367 4448 4449 4450 4451 4511 4730 4731 4770 4771 4772 4913 5088 5143 5144 5145 5146 5148 5194 5315 5412 5465 5472 5579 5601 5633 5686 5716 5771 5799 5846 5878 5885 5886 5940 5981 6001 6030 6115 
	}
	manpower=0
	buildings_max_level_factor=1.000
}
