
state={
	id=57
	name="STATE_57"

	history={
		owner = HLA
		buildings = {

		}
		add_core_of = HLA

	}

	provinces={
		67 68 69 70 71 72 73 74 75 76 77 78 79 80 81 416 417 457 458 459 709 710 711 712 713 952 953 954 1298 1299 1416 1417 1418 1419 1420 1421 1422 1883 1884 1885 1886 1887 1888 1889 1890 1891 1892 1893 1894 1895 2125 2126 2190 2191 2192 2193 2194 2333 2593 3418 3419 3420 3421 3582 4195 4279 4280 4401 4472 4566 4567 4568 4644 4645 5446 5476 5495 5508 5509 5632 5684 5702 5703 5755 5756 6134 
	}
	manpower=0
	buildings_max_level_factor=1.000
}
