
state={
	id=65
	name="STATE_65"

	history={
		owner = CYR
		victory_points = {
			1806 1 
		}
		buildings = {
			infrastructure = 2

		}
		add_core_of = CYR
		add_core_of = CHE

	}

	provinces={
		385 386 387 388 1014 1015 1016 1017 1018 1019 1020 1440 1441 1442 1443 1444 1445 1446 1447 1509 1510 1511 1512 1805 1806 1807 1808 1896 1897 1898 1947 1948 2196 2197 2909 3210 3264 3265 3549 3822 3962 3963 3964 3996 3997 3998 3999 4024 4025 4213 4214 4258 4260 4300 4365 4366 4400 4651 4652 4705 4946 5069 5070 5101 5123 5284 5432 5542 5550 5592 5612 5735 5935 5992 6073 6133 13779 13780 13790 13800 
	}
	manpower=476226
	buildings_max_level_factor=1.000
	state_category=pastoral
}
