# Tamriel - Nibenay Basin - Cheydinhal
state={
	id=65
	name="STATE_65"
	
	history={
		owner = CYR
		buildings = {

		}
		add_core_of = CYR

		victory_points = {
			4653 2 # Cheydinhal
		}

	}
	
	provinces={
		385 386 387 388 473 474 475 1019 1020 1440 1441 1442 1443 1444 1445 1446 1447 1510 1511 1512 1513 1612 1613 1614 1615 1616 1617 1618 1619 1622 1623 1624 1625 1626 1627 1628 1688 1689 1690 1803 1804 1805 1806 1807 1808 1809 1810 1811 2141 2196 2197 3065 3066 3210 3264 3429 3549 3569 3761 3962 3963 3964 3996 3997 3998 4024 4025 4057 4058 4214 4365 4366 4549 4651 4652 4653 4879 4880 4881 4946 5123 5235 5284 5592 5627 5697 5735 5743 5935 5992 6034 6073 6133 
	}
	manpower=67612
	buildings_max_level_factor=1.000
}
