state={
	id=66
	name="STATE_66"
	
	history={
		owner = TEP
		buildings = {

		}
		add_core_of = TEP
		
	}
	
	provinces={
		245 246 247 248 249 250 491 492 512 513 514 515 516 517 518 519 520 521 677 678 679 1482 1483 1506 1507 1508 1612 1613 1614 1615 1616 2027 2028 2029 2030 2151 2152 2153 2154 2155 2156 2157 2306 2409 2579 2580 2581 2582 2830 2831 2832 3065 3066 3067 3184 3568 3569 3761 3785 3786 4428 4475 4476 4669 5115 5270 5325 5368 5396 5397 5607 5697 6007 6098 
	}
	manpower=0
	buildings_max_level_factor=1.000
}
