state={
	id=87
	name="STATE_87"
	
	history={
		owner = KPT
		buildings = {

		}
		add_core_of = KPT

	}
	
	provinces={
		189 190 484 485 608 609 610 766 767 768 769 770 771 772 773 774 1180 1181 1182 1183 1184 1185 1233 1234 1235 1268 1269 1270 1271 1272 1273 1274 1315 1316 1317 1318 1319 1320 1356 1357 1358 1359 1360 1361 1362 1363 1364 1365 1366 1367 1368 1378 1379 1380 1381 1652 1653 1654 1655 2209 2210 2233 2234 2235 2236 2237 2255 2256 2261 2315 2316 2317 2318 2319 2342 2343 2344 2345 2346 2347 2348 2349 2350 2433 2434 2435 2436 2437 2438 2615 2616 2617 2618 2619 2777 2778 2779 2780 2789 2790 2791 2792 2793 2840 2841 2842 2843 2878 2879 2880 3082 3083 3182 3183 3390 3393 3394 3395 3456 3704 3705 3737 3738 3739 3796 3797 3798 3849 3850 3851 3852 3853 3910 3911 3912 3913 3914 3915 3948 3949 3950 4017 4132 4219 4220 4242 4243 4244 4245 4246 4294 4295 4296 4318 4319 4320 4321 4358 4359 4360 4361 4382 4383 4384 4385 4386 4387 4388 4389 4496 4497 4525 4526 4527 4711 4712 4763 4767 4768 4780 4781 4869 4918 4920 4921 4933 4934 5081 5082 5086 5087 5124 5190 5198 5199 5234 5273 5282 5297 5340 5341 5343 5344 5352 5353 5443 5444 5445 5462 5481 5631 5676 5714 5752 5768 5838 5839 5868 5903 5906 5924 5941 5957 6095 6103 6122 6124 6125 6128 
	}
	manpower=0
	buildings_max_level_factor=1.000
}
