
state={
	id=88
	name="STATE_88"

	history={
		#owner = KPT
		buildings = {

		}
		#add_core_of = KPT

	}

	provinces={
		89 90 91 92 93 94 95 96 124 125 129 271 272 273 277 278 283 284 285 286 287 288 289 290 291 292 293 341 342 343 344 393 394 562 563 564 565 566 567 568 569 570 571 572 573 574 575 576 577 1171 1205 1206 1207 1331 1429 1430 1431 1432 1433 1434 1435 1436 1437 1438 1439 1552 1573 1574 1575 2006 2007 2008 2009 2010 2011 2012 2013 2014 2015 2016 2117 2211 2212 2213 2304 2305 2517 2518 2519 2520 2657 2667 2668 2669 2670 2727 2728 2729 2730 2731 2732 2752 2753 2844 2845 2846 2994 3059 3231 3232 3270 3467 3482 3483 3484 3515 3516 3517 3518 3573 3574 3652 3771 3772 3773 3774 3775 3814 3815 3971 3972 3973 3974 3978 3979 3980 3981 3982 3983 4170 4204 4266 4357 4391 4392 4417 4433 4434 4435 4508 4509 4510 4593 4594 4595 4596 4597 4609 4610 4611 4612 4648 4649 4650 4784 4803 4805 4806 4832 4833 4834 4844 4874 4884 4885 4886 4887 4897 4898 5009 5017 5223 5419 5531 5532 5602 5666 5673 5683 5736 5793 5794 5806 5817 5876 5884 5934 5962 5977 6006 6037 13760 13761 13766 13770 
	}
	manpower=1
	state_category=wasteland
}
