
state={
	id=89
	name="STATE_89"

	history={
		#owner = KPT
		buildings = {

		}
		#add_core_of = KPT

	}

	provinces={
		97 98 121 122 123 126 127 128 279 280 281 282 345 346 531 532 533 534 535 536 537 538 539 540 541 542 543 544 545 546 547 548 602 603 604 605 606 607 735 736 737 738 739 740 741 742 743 744 745 746 747 748 749 750 751 1186 1187 1188 1189 1190 1191 1192 1193 1194 1195 1196 1197 1198 1199 1236 1237 1238 1239 1240 1242 1243 1244 1245 1246 1314 1321 1322 1323 1324 1325 1326 1327 1328 1329 1330 1668 1669 1670 1671 1672 1673 1674 1675 1676 1677 1678 1679 1734 1735 1736 1737 1738 1739 1833 1834 1835 1836 1837 1859 1860 1861 2097 2207 2208 2390 2391 2392 2393 2394 2395 2396 2397 2546 2547 2548 2549 2550 2551 2552 2656 2697 2698 2761 2762 2763 2764 2794 2795 2796 2797 2798 2799 2986 2987 2988 3019 3070 3071 3072 3094 3095 3096 3097 3098 3099 3100 3101 3118 3119 3205 3206 3207 3208 3209 3263 3271 3272 3273 3291 3292 3404 3405 3406 3407 3408 3409 3410 3532 3533 3534 3535 3577 3578 3579 3580 3581 3677 3678 3679 3680 3681 3708 3709 3710 3711 3712 3879 3882 3883 3884 4048 4049 4102 4135 4142 4143 4144 4272 4273 4371 4372 4394 4411 4412 4488 4489 4546 4547 4550 4551 4552 4553 4657 4658 4659 4769 4816 4817 4828 4829 4843 4970 5022 5038 5039 5058 5067 5104 5105 5106 5142 5206 5220 5221 5242 5243 5244 5377 5378 5408 5442 5497 5502 5522 5536 5589 5590 5591 5614 5625 5640 5658 5659 5660 5668 5698 5710 5711 5734 5744 5776 5837 5974 5975 5976 6005 6024 6061 6069 6077 6078 6087 6106 
	}
	manpower=1
	state_category=wasteland
}
