state={
	id=91
	name="STATE_91"
	
	history={
		#owner = TGM
		buildings = {

		}
		add_core_of = TGM

	}
	
	provinces={
		989 990 1935 1936 1937 1938 1939 1940 1941 2086 2087 2088 2089 2090 2091 2092 2276 2277 2278 2279 2280 3078 3079 3080 3081 3295 3296 3297 3298 3299 3300 3301 3312 3485 3486 3713 3952 3953 3954 3967 3968 3969 3970 4027 4028 4029 4030 4059 4075 4076 4077 4078 4079 4158 4410 4607 4608 4801 4919 4986 5089 5090 5098 5195 5196 5306 5464 5467 5499 5600 5696 5750 5783 5825 5955 6074 
	}
	manpower=0
	buildings_max_level_factor=1.000
}
