
state={
	id=92
	name="STATE_92"

	history={
		#owner = TGM
		buildings = {

		}
		#add_core_of = TGM

	}

	provinces={
		395 396 649 650 752 753 944 945 946 1004 1005 1006 1037 1038 1039 1040 1041 1918 1919 1920 2225 2226 2227 2228 2229 2230 2776 2865 2866 3006 3007 3008 3126 3127 3128 3245 3470 3471 3479 3480 3481 3503 3504 3763 3764 3833 3834 3835 3836 3928 4109 4110 4111 4117 4118 4119 4166 4167 4168 4233 4234 4235 4470 4471 4534 4535 4589 4590 4591 4664 4710 4740 4741 4750 4852 4890 4909 5007 5025 5172 5274 5275 5276 5295 5296 5330 5357 5405 5406 5417 5418 5426 5427 5455 5501 5516 5669 5701 5784 5785 5828 5847 5865 5869 5874 6000 6012 6016 6051 6064 6065 6099 6121 
	}
	manpower=0
	buildings_max_level_factor=1.000
}
