
state={
	id=93
	name="STATE_93"

	history={
		#owner = TGM
		buildings = {

		}
		#add_core_of = TGM

	}

	provinces={
		645 646 647 648 705 706 707 708 894 895 896 897 898 899 1921 1922 1923 2222 2223 2575 2576 2577 2578 2598 2599 2600 2601 2602 2603 2604 2634 2635 2636 2637 2638 2820 2821 2822 2823 2824 2826 2827 2923 2924 3028 3029 3060 3061 3062 3063 3267 3268 3487 3859 3860 3861 3975 3976 3977 4000 4001 4060 4073 4191 4290 4598 4673 4778 4779 4858 4966 4967 5003 5004 5005 5006 5052 5118 5150 5188 5233 5251 5261 5262 5319 5334 5339 5420 5421 5437 5438 5439 5482 5492 5493 5494 5649 5699 5764 5815 5841 5858 5937 5963 6019 6040 6048 
	}
	manpower=1
	state_category=wasteland
}
