
state={
	id=94
	name="STATE_94"

	history={
		#owner = TGM
		buildings = {

		}
		#add_core_of = TGM

	}

	provinces={
		254 478 479 497 498 499 500 501 502 503 504 505 506 507 508 509 510 511 840 841 842 864 865 866 867 1217 1218 1712 1713 1714 1715 1994 1995 2231 2232 2733 2734 2735 2736 2847 2848 3009 3010 3011 3012 3266 3305 3306 3307 3308 3309 3310 3311 3396 3397 3398 3399 3400 3401 3475 3476 3477 3570 3571 3572 3816 3817 3818 3819 3902 3903 3904 4062 4063 4171 4172 4173 4190 4236 4261 4262 4480 4481 4891 4892 4893 5085 5267 5268 5304 5347 5404 5436 5466 5706 5707 5737 5790 5809 5814 5856 5965 5986 6009 6036 6107 6108 6113 
	}
	manpower=1
	state_category=state_level_0
}
