state={
	id=97
	name="STATE_97"
	
	history={
		owner = TSA
		buildings = {

		}
		add_core_of = TSA

	}
	
	provinces={
		454 455 456 930 931 1457 1458 1459 1460 1461 1462 1463 1464 1465 1466 1467 1468 1495 1496 1497 1498 1499 1500 1501 1850 1924 1925 1926 1927 1928 1931 1932 1933 1980 2220 2221 3252 3253 3254 3255 3285 3286 3287 3288 3325 3326 3327 3328 3329 3330 3430 3431 3432 3478 3654 3891 4223 4309 4310 4311 4312 4313 4351 4352 4353 4354 4355 4426 4427 4452 4453 4454 4656 4667 4668 4873 4882 4883 5054 5130 5308 5309 5310 5311 5402 5498 5616 5732 5747 5887 5983 6058 6062 
	}
	manpower=0
	buildings_max_level_factor=1.000
}
