
state={
	id=98
	name="STATE_98"

	history={
		#owner = TSA
		buildings = {

		}
		#add_core_of = TSA

	}

	provinces={
		167 168 169 170 171 904 905 906 907 908 909 910 911 912 1164 1165 1200 1201 1202 1203 1204 1706 1707 1708 1709 1710 1711 1949 2281 2282 2283 2309 2310 2311 2312 2313 3241 3242 3558 3559 3560 3561 3562 3563 3564 3584 3585 3838 3887 3888 4205 4275 4324 4325 4506 4507 4818 4841 4990 4991 4992 5061 5062 5205 5212 5245 5298 5299 5655 5834 5862 5902 6042 6075 
	}
	manpower=1
	state_category=wasteland
}
